#"fa, dNeff_GGdNeff_full_lateUni"
50000,0.331548368965173,0.374635863092436
58938.4317396793,0.330093548644932,0.349847185683571
69474.7747186569,0.328656128533975,0.333509041311582
81894.6853477032,0.32721610621314,0.320082621065484
96534.8864441625,0.325783363466928,0.313689667547343
113792.296303739,0.324361666746425,0.309871278355077
134134.789763986,0.322945253312242,0.302716742188839
158113.883008419,0.32154490577243,0.292814083232321
186379.686015747,0.320157946098825,0.287224768911983
219698.52803804,0.318779957759381,0.284806006686581
258973.733961561,0.317415183440079,0.281958102446753
305270.114829266,0.31606532867547,0.280488930957588
359842.836500576,0.314727529341535,0.27434272450864
424171.449122036,0.313402420710588,0.272630671295792
500000,0.312090152524166,0.269431888703593
511717.300711461,0.311906509664501,0.268689386192753
523677.054420466,0.311723128122952,0.269003766568214
535916.329084853,0.311539538362733,0.270409402215895
548441.657612103,0.311355071147456,0.267086545024401
561259.725595498,0.311172726673105,0.266816578036683
574377.374882659,0.310989277477196,0.266422641293447
587801.607227492,0.310804825766062,0.266151220683977
601539.588027484,0.310622148141187,0.26544144997442
615598.650148351,0.310436988611428,0.265896407798647
629986.297838069,0.310253433786158,0.265869411796041
644710.210732388,0.310068911770496,0.264789760425876
659778.247953955,0.309884128032987,0.264179048717489
675198.452307251,0.309697549967439,0.263752964956329
690979.054571565,0.309511169208462,0.263517629643052
707128.477894301,0.309324660547369,0.262949758284707
723655.342286967,0.309136801767931,0.262915707419015
740568.469226244,0.30894724423593,0.262425242637639
757876.886362593,0.308758183578387,0.261777668239321
775589.832338902,0.308565815054132,0.26146856193756
793716.761721756,0.308371882562487,0.261168785102738
812267.350047972,0.308177279530353,0.260733075463978
831251.498989063,0.307982065363575,0.260513587681704
850679.341636417,0.307783146919527,0.260260273613112
870561.247909987,0.307580417295062,0.259871983373648
890907.830093414,0.307375087406229,0.259224517749425
911729.948498492,0.307168459875278,0.25918215417465
933038.717262038,0.306958921397776,0.258448791559235
954845.51027823,0.306751001707627,0.258416148569046
977161.967269618,0.306535007539538,0.257675362335667
1000000,0.306311028914407,0.257052202132109
1023371.79863252,0.306088506996344,0.256660492184809
1047289.83823636,0.305856157210132,0.25634637248056
1071766.8854455,0.305630884650245,0.256218060807402
1096816.00527314,0.305392006976577,0.255417638865952
1122450.56808531,0.305152483640333,0.255685373678237
1148684.25673755,0.304903807238288,0.254901784160028
1175531.07387837,0.304650127249347,0.254461222396442
1203005.34942332,0.304386863282725,0.253900683158185
1231121.74820389,0.304124765744819,0.253470413703478
1259895.27779503,0.303852066857039,0.25293937982769
1289341.29652572,0.303571194047021,0.2529664101606
1319475.52167671,0.303285209307211,0.252313218056833
1350314.03786987,0.302985242638926,0.25186093489545
1381873.30565363,0.302687123624021,0.25122359625334
1414170.17028902,0.302370282606375,0.250943766501819
1447221.87074113,0.30205485105963,0.250473034733606
1481046.04888067,0.301721604139982,0.249807617601153
1515660.7589006,0.301386716671484,0.250017634029282
1551084.47695284,0.301037013559532,0.249061379656784
1587336.11101021,0.300675571630772,0.248850966798339
1624435.01095887,0.300308966548265,0.24832932325202
1662400.97892661,0.29992542103897,0.247945239208899
1701254.27985259,0.299531585746259,0.247908268873819
1741015.65230402,0.299132493789089,0.246987466381764
1781706.31954573,0.298718091168799,0.246396585582393
1823348.00086844,0.298287073313769,0.245687434138379
1865962.92318175,0.297844041030841,0.245569067245249
1909573.8328781,0.297394450972213,0.244889415103511
1954204.00797405,0.296925682149476,0.24435130688228
1999877.27053529,0.296440835941134,0.243583922564234
2046617.99939199,0.295948971000389,0.243688652558602
2094451.14315147,0.295437998461045,0.243117297174973
2143402.23351486,0.294912259423579,0.242378121092283
2193497.39890506,0.294369568575884,0.241664312860409
2244763.37841322,0.293811571659956,0.241125931844268
2297227.53607115,0.293244869481117,0.241125220658097
2350917.87545728,0.292656572850172,0.240558819459416
2405863.05464407,0.292051861594298,0.24000143125005
2462092.40149463,0.291434198916982,0.239549019556611
2519635.92931701,0.290796467519498,0.23884080459288
2578524.35288428,0.290140125244798,0.238191381672642
2638789.10482893,0.289468913010688,0.237391360779815
2700462.35242068,0.288778118386751,0.237063140612727
2763577.01473616,0.288070413659845,0.236383749454027
2828166.78023004,0.287340688345714,0.235923386719869
2894266.12471675,0.286591116039484,0.235601820837623
2961910.32977255,0.285828114737876,0.234963145524806
3031135.50156758,0.285051827167357,0.234403430297937
3101978.5901381,0.284249303623779,0.234224308693048
3174477.40910919,0.283426857954835,0.233588227421823
3248670.65587837,0.282585838154281,0.232455175934994
3324597.93227094,0.281717737140789,0.232149447034593
3402299.76567807,0.280843034817634,0.231248721944368
3481817.63068897,0.279940367978484,0.231172728020492
3563193.97122858,0.279020877514313,0.230422751164625
3646472.22321275,0.27807681234905,0.229651486870082
3731696.83773276,0.277117828443226,0.228807273841459
3818913.30478185,0.276132676191646,0.228388875888508
3908168.17753626,0.275126514731374,0.227822746997738
3999509.09720367,0.274108113360223,0.226975265956661
4092984.81845244,0.273054970179962,0.226315616078515
4188645.23543527,0.271995432366144,0.225709320967334
4286541.40842093,0.270908018142512,0.224902503938966
4386725.59104849,0.26979854122786,0.225118617588546
4489251.25821861,0.268678676642641,0.22385024706891
4594173.13463648,0.267537370201942,0.223463555663167
4701547.22402213,0.266351557722896,0.223125739591693
4811430.83900326,0.265164028348184,0.221816295353367
4923882.63170674,0.2639471031735,0.221259076717723
5038962.62506515,0.262711434461117,0.220585849499615
5156732.24485496,0.261459583057882,0.219750457026269
5277254.35248353,0.260181914451617,0.219300873840215
5400593.27854237,0.258885819489766,0.21852582159283
5526814.8571446,0.25757104900334,0.218034351226801
5655986.461065,0.256237423036109,0.217351633085582
5788177.03770128,0.254883300704578,0.216750247072436
5923457.14587581,0.25350051867777,0.215982450970394
6061898.99349757,0.252067140340492,0.215301326269279
6203576.47610427,0.250698734826917,0.214239715249653
6348565.21630522,0.249254377431059,0.213335154000261
6496942.60414612,0.247801422020406,0.212953987973907
6648787.83841726,0.246336892663438,0.212185510253849
6804181.96892709,0.244843718010357,0.211945166320274
6963207.93976389,0.243353019667845,0.210989420565205
7125950.63356841,0.241829649942822,0.209690245835596
7292496.91684144,0.240284643895924,0.209742912829842
7462935.68631013,0.238731720974811,0.208283728037004
7637357.91637803,0.237153864084987,0.208216019708976
7815856.70768409,0.235564636446512,0.207184418747103
7998527.33679671,0.233959200557529,0.206005588650654
8185467.30706902,0.232326409888693,0.20521977864757
8376776.40068292,0.230704618089742,0.204461126674562
8572556.73190933,0.229063446557957,0.203573241204633
8772912.80161336,0.227390069128655,0.203044387089421
8977951.55303333,0.22574003046567,0.202238271781876
9187782.42886334,0.22406132291182,0.201339570239696
9402517.42967013,0.222349420373106,0.200617498270786
9622271.17367513,0.220643368218109,0.199851164509826
9847160.95793376,0.218930687563139,0.199401642329324
10077306.8209446,0.217213716449197,0.198045444461101
10312831.6067218,0.215483372814223,0.19729188292884
10553861.0303652,0.213738297941574,0.196463097153211
10800523.7451625,0.211984466183869,0.195635453617268
11052951.4112602,0.210223513424424,0.194710176524364
11311278.7659392,0.208452302437243,0.193670561553116
11575643.695533,0.20670537151003,0.192909633344323
11846187.3090268,0.204914015085394,0.192045198229843
12123054.0133765,0.203139797696301,0.191112337720684
12406391.5905883,0.201352825360329,0.19054313437596
12696351.2765997,0.199599235702817,0.189263243061167
12993087.8420042,0.19783912009511,0.188511962181495
13296759.6746621,0.196028197526883,0.187434723006614
13607528.8642433,0.194243225096258,0.186457936916369
13925561.2887446,0.192460041579214,0.185639445539241
14251026.70303,0.190706848045252,0.184785793908556
14584098.8294399,0.188891929483314,0.183764141031318
14924955.4505183,0.18711564527795,0.183124117571156
15273778.5039071,0.185335501528062,0.182198140419583
15630754.1794582,0.183569321826935,0.18110776025711
15996073.0186149,0.181797219729946,0.180165251591133
16369930.016117,0.180030510061524,0.179124395502024
16752524.7240822,0.178274210842292,0.178382200922221
17144061.3585197,0.176517062643063,0.177507327607068
17544748.9083346,0.174803222631935,0.176288829565573
17954801.2468783,0.173031355022336,0.175579099081854
18374437.2461072,0.171256076348212,0.174569235342374
18803880.8934092,0.169577721864629,0.173633459394869
19243361.4111598,0.16789070567944,0.172583379144009
19693113.3790742,0.166159446871901,0.171574609502555
20153376.8594174,0.164443265083067,0.17058002892095
20624397.5251409,0.162743197269782,0.169673874930602
21106426.7910155,0.161088006941622,0.168470828641579
21599721.9478272,0.159437485040929,0.167486173276557
22104546.2997102,0.157794453870263,0.166472370917469
22621169.3046903,0.156175976880332,0.165444176999861
23149866.7185116,0.1545381160272,0.164570516392767
23690920.7418263,0.152917862822135,0.163525338471276
24244620.1708233,0.151318489493074,0.16235268484426
24811260.5513777,0.149709303078416,0.161391461560821
25391144.3368035,0.148128514509802,0.160545802489616
25984581.0492925,0.146604166320603,0.159192462568025
26591887.4451269,0.145066012707618,0.158122690974787
27213387.6837531,0.143538023035136,0.157540412031171
27849413.5008064,0.142007409883819,0.155893228316593
28500304.3851811,0.140510279870216,0.154791824963078
29166407.7602371,0.139028154529419,0.153937982753365
29848079.1692433,0.13756167717985,0.153024005652401
30545682.4651543,0.136088833903232,0.151601305212797
31259590.0048228,0.13467306231177,0.150413646138349
31990182.8477507,0.133250212673909,0.149319309632849
32737850.9594858,0.131842701167794,0.148805812525425
33502993.4197723,0.130465243834506,0.147564295778658
34286018.6355658,0.12910315262247,0.146488585586993
35087344.5590272,0.127739484610995,0.14530677295126
35907398.9106105,0.126413229063854,0.144210954292324
36746619.4073669,0.125082932883531,0.142997411313629
37605453.9965818,0.123782807495933,0.142077920021636
38484361.0948743,0.122491719144005,0.1408795117318
39383809.8328849,0.12120715940522,0.139776149059718
40304280.3056805,0.119965891205431,0.138726472436466
41246263.8290135,0.118728789582493,0.13748261784227
42210263.201569,0.1175131666725,0.136527512406876
43196792.9733417,0.116306637629522,0.135461270373255
44206379.7202853,0.115109556372889,0.133828835691621
45239562.3253806,0.113934221683141,0.133286530945394
46296892.2662727,0.112771834374482,0.132251864504996
47378933.9096314,0.111628777146546,0.131532755638669
48486264.8123908,0.110494689320078,0.130251879821339
49619476.030029,0.109381212254804,0.128941993740661
50779172.432054,0.10827398765758,0.127676140901827
51965973.024862,0.107195391233588,0.126923489838142
53180511.282142,0.106114918676966,0.125574858972542
54423435.4830027,0.105064036345899,0.124726040750587
55695409.0580014,0.104010817666134,0.123514229388504
56997110.9432608,0.10295243641234,0.122208747295225
58329235.942862,0.1019361389298,0.121241976415631
59692495.0997073,0.100917225581115,0.12029917598796
61087616.0750504,0.0999316295021449,0.118875809688287
62515343.5368971,0.0989270317813935,0.118146039315638
63976439.5574842,0.0979385957735245,0.117088894768898
65471684.0200474,0.0969709487244829,0.116001071003981
67001875.0350959,0.0960005438676622,0.11495709887386
68567829.3664174,0.0950599272880618,0.113993145234204
70170382.8670384,0.0941093794038429,0.112310776418018
71810390.9253736,0.0931550974056516,0.111655535153941
73488728.9218039,0.0922302621893924,0.110604092759292
75206292.6959241,0.0913069824763284,0.109533877666479
76963999.0247115,0.0903892510733125,0.108268692483323
78762786.1118706,0.0894898353133127,0.106899585606892
80603614.0886135,0.0885659696813169,0.106302667437829
82487465.5261458,0.0876497661565127,0.104758230536914
84415345.9601299,0.0867507349762565,0.104167342333193
86388284.4274045,0.0858615450962813,0.103105394354552
88407334.0152506,0.0849715291720844,0.101554398263216
90473572.4234929,0.0840729746522772,0.101022783101631
92588102.5397395,0.0831802602374309,0.0996753300964988
94752053.0280655,0.0822911415132629,0.0981819754752327
96966578.9314552,0.0813716199251104,0.0975281986318122
99232862.2883255,0.0804547616814062,0.0964287278176204
101552112.763457,0.0795443604531742,0.0946462384993807
103925568.293671,0.078615981982122,0.0935405747710281
106354495.748601,0.0776891255637081,0.0927270927565005
108840191.606901,0.0767359188644016,0.0912745655754798
111383982.648262,0.0757594348237612,0.0898197340902871
113987226.661605,0.0747880805286874,0.0886770964549749
116651313.16982,0.0737754596922654,0.0878026528072295
119377664.171444,0.0727474802471171,0.0862011151950279
122167734.899679,0.071692312234018,0.0850456451877395
125023014.599146,0.0706136054125829,0.0833283373841489
127945027.320787,0.0695154644221019,0.0822598328481241
130935332.735361,0.0683905607478755,0.0808074893959368
133995526.965934,0.0672369442140735,0.0791664992412663
137127243.43984,0.0660576019345331,0.0776885940764504
140332153.760548,0.0648529513476069,0.0765881639023914
143611968.599908,0.0636094182005927,0.0750576748380111
146968438.611245,0.0623372131616014,0.0735079621498117
150403355.363802,0.0610379100215468,0.0719870578342467
153918552.299021,0.0597127156661625,0.0701470880629245
157515905.709162,0.0583652643882389,0.0686240046051282
161197335.738816,0.0569964095333374,0.0673708034054266
164964807.409802,0.0556071352738452,0.0659176525975183
168820331.670037,0.0541989496756161,0.0639981065621491
172765966.466903,0.0527781947955511,0.0626512282054359
176803817.845721,0.0513490758579239,0.0611607234885171
180936041.073872,0.0499075488843094,0.0594396628184811
185164841.791215,0.0484602546789289,0.0577379422687237
189492477.187382,0.0470097104091697,0.0561753012473327
193921257.206583,0.0455608994443051,0.0546522768199784
198453545.78058,0.0441201071051318,0.0532064938242366
203091762.090473,0.0426873436231311,0.0517049747980482
207838381.857976,0.0412642105882071,0.0500878005914863
212695938.666869,0.0398527213075097,0.0487510308625559
217667025.315345,0.038454678773342,0.0470425913039173
222754295.199956,0.037072068403073,0.0457918779079217
227960463.731898,0.0357067221241513,0.0443108145703253
233288309.786415,0.0343614713309228,0.0429702099432029
238740677.186065,0.0330355676426054,0.041507799255099
244320476.218649,0.031733460304073,0.0401625259018169
250030685.190632,0.0304592698973138,0.0388158539610096
255874352.016859,0.0292142397041608,0.0373726125457983
261854595.847424,0.0280017781624458,0.0362247725211402
267974608.732569,0.026824144029647,0.0349538254151604
274237657.326495,0.02567799324567,0.033607441119626
280647084.630984,0.0245632179504879,0.0325992657869993
287206311.779783,0.0234806937754994,0.0313820350726201
293918839.864689,0.0224312213092689,0.0302031497125832
300788251.80431,0.021415172383767,0.0291247117603724
307818214.256508,0.0204327283435948,0.0280438394023601
315012479.575532,0.0194839254824852,0.026996293341614
322374887.814903,0.0185686706903181,0.0259164197833527
329909368.777094,0.0176867539657673,0.0249922097663935
337619944.111133,0.0168378603541798,0.024044641151531
345510729.459222,0.0160215813408702,0.0230244724195419
353585936.653518,0.015237425652111,0.0222092886535981
361849875.964274,0.0144848415941145,0.0213390377682666
370306958.400514,0.0137632373643812,0.0205064146612579
378961698.064472,0.0130718313823165,0.0197476845307506
387818714.561072,0.0124099218295533,0.0189292935804467
396882735.463717,0.0117767771574389,0.0181557266116636
406158598.837699,0.011171600930923,0.017380415289746
415651255.822599,0.0105935724676704,0.0167149202885839
425365773.275039,0.0100418533427965,0.0160342617752854
435307336.473188,0.00951559266934517,0.0153232848084167
445481251.884499,0.00901393198418678,0.0147114984317039
455892949.998105,0.00853600971025568,0.0141347265108939
466547988.223447,0.00808096494193955,0.0135219975349961
477452053.856613,0.00764793726808133,0.0129920542403089
488610967.116032,0.00723607692622947,0.0124138120189214
500030684.249109,0.00684454655537697,0.0118917900053841
511717300.711461,0.00647252187616065,0.0114284090703425
523677054.420464,0.00611919379331809,0.010923924021938
535916329.084851,0.00578377018648954,0.0104842731864578
548441657.612103,0.0054654774141473,0.010039632993809
561259725.595497,0.00516356163404332,0.00961407918944643
574377374.882659,0.00487729025550973,0.00923152522108875
587801607.227492,0.00460595845727477,0.00882172637076424
601539588.027483,0.00434891020468375,0.00841463128308728
615598650.148351,0.00410548179955795,0.00806881087834618
629986297.838071,0.00387502899906977,0.00772175213879935
644710210.732387,0.0036569298114787,0.00736932095867359
659778247.953955,0.00345058424500076,0.00705341110610651
675198452.307249,0.00325541467679654,0.00676163752858623
690979054.571565,0.00307086506078104,0.00644506643728602
707128477.894298,0.00289635315425803,0.00618781794300959
723655342.286965,0.00273132908437203,0.00590491618745531
740568469.226244,0.00257537642024979,0.00565892124865038
757876886.362592,0.00242802801192064,0.00541363681045728
775589832.3389,0.0022888351364863,0.00516385511454182
793716761.721756,0.00215737336606579,0.00494877040302126
812267350.04797,0.00203323779729198,0.00473216995399988
831251498.989063,0.00191604226635881,0.00450797043216905
850679341.636417,0.00180541873823441,0.00430974195681125
870561247.909986,0.00170101668674897,0.0041268479516261
890907830.093414,0.00160250246992021,0.00395220520987788
911729948.498494,0.00150955870433742,0.00376876627044845
933038717.262036,0.00142188364193091,0.00361172656893721
954845510.27823,0.00133919055200585,0.00343882975842629
977161967.269616,0.00126120711101187,0.0032877956938289
1000000000,0.00118767480215099,0.00314662729694551
