#"fa, dNeff_GG, dNeff_full"
10000,0.220651794262701,0.924834728788187
10234.1140210545,0.219482317605756,0.901690938470975
10473.7089795945,0.218306849162793,0.879169857445942
10718.9131920513,0.217116709346103,0.857252790550279
10969.8579789238,0.215922497566316,0.835897083978107
11226.6777351081,0.214722434531006,0.815097551039512
11489.5100018731,0.213524937671877,0.794833469461365
11758.4955405216,0.212327654325177,0.775128088006005
12033.7784077759,0.211109170286672,0.755959011396999
12315.5060329283,0.20988750802176,0.73734013960434
12603.8292967973,0.208663427147157,0.719126438693142
12898.9026125331,0.207432037020368,0.701514688817053
13200.8840083142,0.206210403821356,0.68425889981457
13509.9352119803,0.204991050465969,0.667613109569209
13826.2217376466,0.203760671168527,0.651227641519989
14149.9129743458,0.202516424357901,0.635362606134479
14481.1822767453,0.201271955550566,0.619887465682776
14820.2070579886,0.200057592103551,0.604913143511158
15167.1688847092,0.198806326243782,0.590338890480815
15522.2535742705,0.197558256474792,0.576156249451793
15885.6512942805,0.196315484881765,0.562344392494011
16257.5566644379,0.195067252042089,0.548918218108339
16638.1688607613,0.193824951934297,0.535863642597345
17027.691722259,0.192577411175202,0.523207437485746
17426.3338600965,0.19131743218705,0.510834345802538
17834.3087693191,0.190083002807449,0.498831007027425
18251.8349431904,0.188836416479038,0.487158060192823
18679.1359902078,0.187591324251364,0.475823006142175
19116.440753857,0.186343924174816,0.464769544286132
19563.9834351706,0.185097418613952,0.454057878969217
20022.0037181558,0.183855617362688,0.443648448739867
20490.7468981585,0.182621103447804,0.433513939029986
20970.4640132323,0.18137694165612,0.42365266218567
21461.4119785841,0.180148718291481,0.414104883106922
21963.8537241655,0.178907860316241,0.404782672233428
22478.0583354873,0.177683720358485,0.39577216453758
23004.3011977292,0.176445814505646,0.386966199960782
23542.8641432242,0.17523058722859,0.37844463186889
24094.0356023953,0.174004789777091,0.3701841944336
24658.110758226,0.172792159601857,0.362097989734445
25235.3917043477,0.171583230257669,0.354283906763424
25826.1876068267,0.170378303573618,0.346694321961927
26430.814869741,0.169172632823019,0.33929633342332
27049.5973046314,0.167975080978177,0.332105196417862
27682.8663039207,0.166781182781507,0.325138427804474
28330.9610183932,0.165594242502019,0.31835769687728
28994.2285388288,0.164409495411487,0.311754122728484
29673.0240818887,0.16323231169592,0.305335139363669
30367.7111803546,0.162058799022386,0.299155047192173
31078.6618778201,0.16089923854867,0.293100286224201
31806.2569279412,0.159741778130421,0.287240236118837
32550.8859983506,0.158587929555384,0.281551801655297
33312.9478793467,0.157446705454364,0.276051892877766
34092.8506974681,0.156306889316505,0.270615646596838
34891.0121340677,0.155176142031229,0.265417676859952
35707.8596490046,0.154052498703418,0.260342608978819
36543.8307095725,0.152934869117958,0.255398382416495
37399.373024788,0.151827468192476,0.250597868605872
38274.9447851631,0.150725049680577,0.245961939494027
39171.0149080926,0.149631816354926,0.241460598145671
40088.0632889846,0.148545439014902,0.237043971731376
41026.5810582719,0.147467790591999,0.232833285217895
41987.0708444391,0.146397152435485,0.228614318161427
42970.0470432084,0.145336048720018,0.224592694516782
43976.0360930272,0.144280951849274,0.220665211774134
45005.576757005,0.143237042101011,0.216874264363207
46059.220411451,0.142200270888319,0.213160719622349
47137.5313411673,0.141173590963697,0.209574455169557
48241.0870416537,0.140154371510898,0.206097974157562
49370.47852839,0.139142832240163,0.20267797250704
50526.3106533568,0.138142330442138,0.199371101201074
51709.2024289676,0.137149584550765,0.196154561652909
52919.7873595844,0.136165073721406,0.193038234614395
54158.7137807948,0.135190350436718,0.189991166154254
55426.6452066311,0.134222728216371,0.187051926661563
56724.2606849198,0.133265460254688,0.18417661383015
58052.255160949,0.132319843635444,0.181372283401927
59411.3398496504,0.131380654373774,0.178665291628786
60802.2426164943,0.130450973840665,0.176031717407348
62225.7083673023,0.129530906392425,0.173461300321744
63682.4994471859,0.128619796013553,0.17097720313654
65173.3960488242,0.127716233014777,0.168517236093176
66699.1966303011,0.126823294128701,0.166138001353357
68260.7183427239,0.125940032818257,0.163862821675349
69858.7974678525,0.125064730017974,0.161621520075191
71494.2898659758,0.124197978915401,0.159438221348093
73168.0714342719,0.123342311202191,0.15733434271565
74881.0385759003,0.122493815768755,0.155256082190423
76634.1086800746,0.121655805502726,0.153245610283639
78428.2206133768,0.120825823346973,0.151288892681002
80264.3352225717,0.120005338425369,0.149373515115458
82143.4358491942,0.119192751834186,0.147502860812522
84066.5288561832,0.118390738653439,0.145710099251352
86034.6441668451,0.117597144071894,0.143944383665959
88048.8358164346,0.116812127906751,0.14221721951155
90110.1825166502,0.116035756590739,0.140555903714419
92219.7882333432,0.115267926856229,0.138916863919691
94378.7827777539,0.114508373213589,0.137321404337831
96588.3224115871,0.113758560322918,0.135763007211014
98849.5904662559,0.113016613404717,0.134252735309214
101163.797976621,0.112283477335085,0.132770361465194
103532.184329566,0.111555452619966,0.131318356650952
105956.017927761,0.110840256857186,0.129917341215586
108436.596868961,0.110133439739846,0.128547618786834
110975.249641207,0.109433840458523,0.127216431138227
113573.335834311,0.108741857881984,0.125908983218298
116232.246867985,0.108055515838153,0.124636455107974
118953.406737032,0.107379286297656,0.123396106838805
121738.272773966,0.106712268216034,0.12217885928819
124588.336429501,0.10605061933058,0.121014060824231
127505.124071301,0.105400396684868,0.119834892522678
130490.19780144,0.104755311368345,0.118728930570479
133545.15629299,0.10411795375874,0.117594059814799
136671.635646201,0.103485560609326,0.11650895843413
139871.310264724,0.102866759143482,0.115459668737961
143145.893752348,0.1022517444297,0.114408897849813
146497.139830728,0.101644437399386,0.113433774150102
149926.843278605,0.101043938559651,0.112443155757074
153436.840893001,0.100450617937107,0.111473824361692
157029.012472938,0.0998610586067548,0.110526125116675
160705.281826164,0.0992852849262007,0.109594743658547
164467.617799466,0.0987132629374949,0.108705396914423
168318.035333095,0.0981472935712196,0.107809509605699
172258.596539879,0.0975888800716845,0.106951888597897
176291.411809595,0.097036286542797,0.106099318076381
180418.640939207,0.0964909593373223,0.10526809257919
184642.494289554,0.0959514534440894,0.104471040719942
188965.233969121,0.0954179102852595,0.103664805445608
193389.175045523,0.0948912911269739,0.102881263857839
197916.686785356,0.0943712425094998,0.102115115785654
202550.193923067,0.0938553452153118,0.101388160690467
207292.177959537,0.093347943457558,0.1006556138308
212145.178491063,0.0928387212934294,0.099908460534498
217111.794569451,0.0923479324365863,0.0992573537526074
222194.686093952,0.0918575684145629,0.0985174087638657
227396.575235793,0.0913711235470139,0.0978471984069682
232720.247896041,0.090892496507071,0.0971893971124071
238168.555197616,0.0904172726688535,0.0965146281493342
243744.415012222,0.0899493588684326,0.0958867041776791
249450.813523032,0.0894853803064958,0.0952542530106092
255290.806823952,0.0890276896357616,0.0946196731534775
261267.522556333,0.0885744301691658,0.0940376523088629
267384.161583994,0.0881263790191912,0.0934256792790343
273643.999707467,0.0876840562269578,0.0928414619891417
280050.389418363,0.0872462161220125,0.09226282883754
286606.761694825,0.0868132001572861,0.0917108877880278
293316.627839004,0.0863848667181677,0.0911393113400107
300183.581357559,0.0859617701408261,0.0905882435481083
307211.299886176,0.0855431301621402,0.0900535044941178
314403.54715915,0.0851281269322422,0.0895329321235065
321764.175025074,0.0847194848022982,0.0890137349506574
329297.125509715,0.0843138029448455,0.0885009275051713
337006.432927192,0.0839137219380586,0.0880015398198313
344896.226040576,0.0835172658080927,0.0874800812536973
352970.730273065,0.0831251266935986,0.0869978836592875
361234.269970943,0.0827364210843519,0.0865424755343862
369691.270719502,0.0823534460531167,0.0860673886634401
378346.261713193,0.0819727854020601,0.0856049870969829
387203.878181256,0.0815977155747743,0.085147778278619
396268.863870148,0.0812258014602378,0.0847045915628449
405546.073584083,0.0808580347959203,0.0842715635958267
415040.475785047,0.0804934604668934,0.0838270883910246
424757.155253689,0.0801333132655998,0.0834088975770242
434701.315812503,0.0797758435547628,0.0829682844496889
444878.283112759,0.0794226950272646,0.0825511411110504
455293.507486695,0.0790731837141692,0.0821367559851949
465952.566866468,0.0787269363280246,0.0817356515449723
476861.169771447,0.0783844052709084,0.0813385773460734
488025.158365443,0.0780449051768232,0.0809503430068486
499450.511585514,0.0777093346105659,0.0805508645046003
511143.348344017,0.0773763775952065,0.0801691469340062
523109.930805626,0.0770467678847723,0.0797933696789478
535356.667741072,0.0767210720591711,0.0794261534255177
547890.117959394,0.076396955602373,0.079051364332228
560716.993820546,0.0760767331848892,0.0786948712474001
573844.164830239,0.0757600830704652,0.0783117473097186
587278.661318949,0.0754460848675439,0.0779630656907142
601027.678207039,0.0751340769434407,0.0776410580113095
615098.57885805,0.0748255068996173,0.077272530947948
629498.899022189,0.0745201538263787,0.0769212569349217
644236.350872137,0.0742169437215274,0.0765987660788286
659318.827133354,0.0739170461702826,0.0762676211349844
674754.405311069,0.0736195568753407,0.0759391247037644
690551.352016233,0.0733248530994252,0.0756054680297237
706718.127392749,0.0730320941963367,0.0752795528589613
723263.389648353,0.0727417337722586,0.0750074719171003
740195.999691565,0.0724546928841352,0.0746833585944343
757525.025877192,0.0721693773302669,0.0743388202449917
775259.748862946,0.0718871245267541,0.0740414483790701
793409.666579749,0.0716060032064322,0.073737386105806
811984.499318401,0.0713293359129875,0.0734331119672051
830994.194935339,0.071053776747067,0.0731322923035424
850448.934180267,0.070779292184787,0.0728395180597057
870359.136148517,0.0705085455235589,0.0725549379059374
890735.463861044,0.0702375143831935,0.0722613592200959
911588.829975082,0.0699727111523045,0.071983847139751
932930.40262847,0.0697069799962845,0.0716973952293387
954771.611420807,0.0694448135078694,0.0714253039089135
977124.15353465,0.0691831549201057,0.0711352423261205
1000000,0.0689238633867785,0.0710106983669868
1023411.40210545,0.0686666048049647,0.0707193909612994
1047370.89795945,0.0684113217949449,0.0704812212490866
1071891.31920513,0.0681584031440807,0.0702021839000687
1096985.79789238,0.0679061091672429,0.0699371860284326
1122667.77351081,0.0676570047483674,0.0696658195714837
1148951.00018731,0.0674086146795397,0.0694210819709558
1175849.55405216,0.0671730905168763,0.0691515089816617
1203377.84077759,0.0669163433252641,0.0688821829731001
1231550.60329283,0.0666746092426746,0.0686447640646669
1260382.92967973,0.0664334339010823,0.0683891359209709
1289890.26125331,0.0661935286785972,0.0681319193387382
1320088.40083142,0.0659548905317482,0.0678864273877428
1350993.52119803,0.0657182584724306,0.0676475979985665
1382622.17376466,0.0654871536654708,0.0673844057125324
1414991.29743458,0.065250437851399,0.067158128340772
1448118.22767453,0.0650168268313964,0.0669245128026271
1482020.70579886,0.064785210598875,0.0666762814210611
1516716.88847092,0.0645554699262684,0.0664390930283019
1552225.35742705,0.0643275526294514,0.0662068921460435
1588565.12942805,0.0641000786982562,0.0659649396389183
1625755.66644379,0.0638971626746432,0.0657371138604655
1663816.88607613,0.0636725757684563,0.0655198220512785
1702769.1722259,0.063426926788473,0.065284739986773
1742633.38600965,0.0632053984904846,0.0650550916804792
1783430.87693191,0.0629839273241013,0.0648320799468445
1825183.49431904,0.0627642210386771,0.0646058110839168
1867913.59902078,0.0625454769544889,0.0643899897764311
1911644.0753857,0.0623279721153713,0.0641638367301164
1956398.34351706,0.0621115555339789,0.063944360362471
2002200.37181558,0.0618960460162309,0.0637239038534098
2049074.68981585,0.0616813138747032,0.063522844446012
2097046.40132323,0.0614678220252457,0.0632947517835167
2146141.19785841,0.0612553959402326,0.0630768669643771
2196385.37241655,0.0610443399783661,0.0628604243513807
2247805.83354873,0.0608338612384635,0.0626458544944636
2300430.11977292,0.0606238312562726,0.062441221262308
2354286.41432242,0.0604154366044309,0.062230691941878
2409403.56023953,0.0602074235970531,0.0620248382479562
2465811.0758226,0.0600003095680177,0.0618081579310647
2523539.17043477,0.0597937542984677,0.061604870690373
2582618.76068267,0.0595882303937072,0.0613904097008785
2643081.4869741,0.0594096400431784,0.0611913576641436
2704959.73046314,0.0591796067266799,0.0609838142780458
2768286.63039207,0.058976758275539,0.060776912410153
2833096.10183932,0.0587742652042935,0.0605758700389173
2899422.85388288,0.0585729201810363,0.0603692928849965
2967302.40818887,0.0583712972841466,0.0601636943613233
3036771.11803546,0.0581882487241,0.0599700739086432
3107866.18778201,0.057970847617493,0.0597651692183581
3180625.69279412,0.0577713453453545,0.0595637781279298
3255088.59983506,0.0575731170558637,0.0593651867360038
3331294.78793467,0.0573747564386694,0.0591672176248087
3409285.06974681,0.0571771278053017,0.0589680731481103
3489101.21340677,0.0569796089722984,0.0587685334888843
3570785.96490046,0.0567834072339814,0.0585693715131181
3654383.07095725,0.0565873481900497,0.0583828412189319
3739937.3024788,0.0563916774412976,0.0581775191938571
3827494.47851632,0.0561965387262902,0.0579826796024747
3917101.49080926,0.0560015527410648,0.0577827206273349
4008806.32889846,0.0558071693546943,0.057583605341612
4102658.10582719,0.0556135342161617,0.0573949355813704
4198707.08444391,0.0554186043149713,0.057203505861556
4297004.70432084,0.0552270936945306,0.057008990580299
4397603.60930272,0.0550337209467079,0.0568121814186883
4500557.6757005,0.0548410130201272,0.056614758563885
4605922.0411451,0.0546496262818741,0.0564246855428087
4713753.13411673,0.0544599234679483,0.0562319726105984
4824108.70416537,0.0542658257085583,0.0560360658812594
4937047.852839,0.054075368534736,0.0558413067161494
5052631.06533568,0.0538831517736605,0.0556423821200389
5170920.24289676,0.0536911427782467,0.0554517148374906
5291978.73595844,0.0535014197833245,0.0552613230305118
5415871.37807948,0.0533127524516474,0.0550557673373097
5542664.52066311,0.0531202222582316,0.054866826627875
5672426.06849198,0.0529302369799693,0.0546723523378706
5805225.5160949,0.0527401021410666,0.0544710742373817
5941133.98496504,0.0525502123988129,0.0542780075425954
6080224.26164943,0.0523600199308789,0.0540827592754212
6222570.83673023,0.052170531954308,0.0538941765505356
6368249.94471859,0.0519831013956435,0.0537008399786153
6517339.60488242,0.0517916020650389,0.0535038401868463
6669919.66303011,0.0516017154445445,0.0533049079933289
6826071.83427239,0.0514121322869129,0.0531110325423146
6985879.74678525,0.0512228707108489,0.0529115449134889
7149428.98659758,0.0510333606451694,0.0527116697312801
7316807.14342719,0.0508439637900301,0.0525193745005808
7488103.85759003,0.0506542049097899,0.0523261769152914
7663410.86800746,0.0504654078192495,0.0521188097797355
7842822.06133768,0.0502720563809441,0.051928187509744
8026433.52225717,0.0500860495318676,0.051723536270658
8214343.58491942,0.0498965504450876,0.051528940612549
8406652.88561832,0.0497087695398628,0.0513298846532967
8603464.41668451,0.0495186137425641,0.0511258625080602
8804883.58164346,0.0493290091216373,0.0509236285347911
9011018.25166502,0.0491401614703671,0.0507314774181043
9221978.82333432,0.0489506804067937,0.0505215724867725
9437878.27777539,0.0487610412861692,0.0503230752872758
9658832.24115871,0.0485711959541802,0.0501234381502403
9884959.04662559,0.0483811569886898,0.0499202510067277
10116379.7976621,0.0481908741761147,0.049712279022655
10353218.4329566,0.0479999344918942,0.0495062354931156
10595601.7927761,0.0478079455102501,0.0492985197907035
10843659.6868961,0.0476173724625582,0.0490965507998655
11097524.9641207,0.0474210555971353,0.0488796671266778
11357333.5834311,0.0472242571722808,0.0486720594972206
11623224.6867985,0.0470249500002218,0.0484626660124554
11895340.6737032,0.0468221695224511,0.0482459028511477
12173827.2773966,0.04661452729545,0.0480312507093108
12458833.6429501,0.0464019579855974,0.0478083663698919
12750512.4071301,0.0461818760963193,0.0475793100323212
13049019.780144,0.045953938112605,0.0473502319747498
13354515.629299,0.0457166443126752,0.0471138645757237
13667163.5646201,0.0454674664640481,0.0468682003963047
13987131.0264724,0.0452062060934239,0.0466167951184314
14314589.3752348,0.0449295662345632,0.0463573043071015
14649713.9830728,0.0446367640443292,0.0460795327225067
14992684.3278605,0.044325619283428,0.0458064757097488
15343684.0893001,0.0439939812617182,0.0455113816045288
15702901.2472938,0.0436395088475537,0.0452007252064648
16070528.1826164,0.04326349947094,0.0448746871157031
16446761.7799466,0.0428620589437622,0.04453701720873
16831803.5333095,0.0424337437812194,0.0441802698797036
17225859.6539879,0.0419777236492531,0.0438029673476922
17629141.1809595,0.0414931212029154,0.0434092125846553
18041864.0939207,0.0409792684713984,0.0429956122789624
18464249.4289554,0.0404357385933926,0.0425594977475177
18896523.3969121,0.0398622315843941,0.0420980660425833
19338917.5045523,0.0392583733673799,0.0416193602225499
19791668.6785356,0.0386280355339642,0.0411162574491229
20255019.3923067,0.0379679333477683,0.0405954871448328
20729217.7959537,0.0372803332104927,0.0400540165601998
21214517.8491063,0.0365665648161337,0.0394859860100619
21711179.4569451,0.0358281538074028,0.0389003144030017
22219468.6093952,0.0350665660855268,0.0382936278433293
22739657.5235793,0.0342835807275785,0.0376673563454513
23272024.7896041,0.033481656221439,0.0370180699787306
23816855.5197616,0.0326626336433479,0.0363566636040842
24374441.5012222,0.0318288735504679,0.0356794231118684
24945081.3523032,0.0309827183656202,0.0349871123746778
25529080.6823952,0.0301265518202607,0.0342828966814694
26126752.2556333,0.0292627765386936,0.0335674411696431
26738416.1583994,0.0283937952427427,0.0328373664492991
27364399.9707467,0.027521982385706,0.0321015226551199
28005038.9418363,0.026649673686616,0.0313591292384203
28660676.1694825,0.0257791724545868,0.0306073336582743
29331662.7839004,0.0249128645471587,0.0298511783564929
30018358.1357559,0.0240542893972184,0.0290947344633518
30721129.9886176,0.0232016557363796,0.0283400199467144
31440354.715915,0.0223552644522571,0.0275896093899194
32176417.5025074,0.0215219313550755,0.0268330195857459
32929712.5509715,0.0207018302874489,0.0260821608631899
33700643.2927192,0.0198960603070129,0.0253350244691716
34489622.6040576,0.0191057918925874,0.024594337677757
35297073.0273065,0.0183321061893927,0.0238602515777181
36123426.9970943,0.0175759637374514,0.0231350589075041
36969127.0719502,0.0168381977288815,0.0224186769042996
37834626.1713193,0.016119514603036,0.0217090959834754
38720387.8181256,0.0154204976560735,0.0210162777680906
39626886.3870148,0.0147416122089857,0.0203276963040724
40554607.3584083,0.0140832117045765,0.0196581762884343
41504047.5785047,0.0134455443926228,0.0189982377045306
42475715.5253689,0.0128287616213222,0.0183534144980786
43470131.5812503,0.0122329243169472,0.0177185922824512
44487828.3112759,0.0116580052136782,0.0171005797942013
45529350.7486695,0.0111039036663081,0.016493450526801
46595256.6866468,0.0105704500069852,0.0159056121317289
47686116.9771447,0.010057412577078,0.0153302635450908
48802515.8365443,0.00956450449783912,0.0147705561372599
49945051.1585514,0.00909139019428907,0.0142248195486876
51114334.8344017,0.00863769391060129,0.013696991764492
52310993.0805626,0.00820299871600654,0.0131831909369273
53535666.7741072,0.00778685827024048,0.0126859475712353
54789011.7959394,0.00738880979914763,0.0122016032577993
56071699.3820546,0.00700835481795896,0.0117316266839585
57384416.4830239,0.00664497898480121,0.0112770772040274
58727866.1318949,0.00629815944633881,0.0108384591396331
60102767.8207039,0.00596736426395626,0.0104101128026608
61509857.885805,0.005652055758106,0.00999972218964762
62949889.9022189,0.00535169351362506,0.00959943530896686
64423635.0872137,0.00506571567928946,0.00921513498946033
65931882.7133354,0.00479360333288625,0.00884541694028705
67475440.5311069,0.00453482908448472,0.00848566195358735
69055135.2016233,0.00428886536390865,0.0081416728644458
70671812.7392749,0.00405519259044079,0.00780651572509851
72326338.9648353,0.00383330057336876,0.00748623567177693
74019599.9691565,0.00362268970213013,0.00717985442155346
75752502.5877192,0.00342287194856478,0.00688193319873953
77525974.8862946,0.00323337168454488,0.00659521330910897
79340966.6579749,0.00305372635411054,0.0063192078712713
81198449.9318401,0.00288348699314823,0.00605587528597949
83099419.4935339,0.00272221862166279,0.00580031880944473
85044893.4180267,0.00256950051991183,0.00555593156326935
87035913.6148517,0.00242492640096969,0.00531980153001331
89073546.3861044,0.00228810449143061,0.0050949784569188
91158882.9975082,0.00215865753111248,0.00487594685584571
93293040.262847,0.0020362227017928,0.00466864408231252
95477161.1420807,0.00192045149420302,0.00446905527770185
97712415.353465,0.00181100952173284,0.00427945569205712
100000000,0.00170757628855595,0.00409494159167399
