#"fa, dNeff_GG, dNeff_full"
1000000,0.281412559709318,0.369960451582614
1023411.40210545,0.26984328602056,0.358576554680359
1047370.89795945,0.25855338287338,0.347374912124901
1071891.31920513,0.247553599832977,0.336326882273352
1096985.79789238,0.236852836490313,0.325464526199422
1122667.77351081,0.226458223321618,0.314778179308328
1148951.00018731,0.21637521197773,0.304343235598279
1175849.55405216,0.206607672910401,0.294075602772351
1203377.84077759,0.197157998003209,0.284011437144276
1231550.60329283,0.188027206421244,0.274155574217786
1260382.92967973,0.179215052226392,0.264545371976859
1289890.26125331,0.170720131926291,0.255177111215816
1320088.40083142,0.162539990960725,0.246015694026144
1350993.52119803,0.154671228069364,0.237106455450279
1382622.17376466,0.147109596346901,0.228415751674089
1414991.29743458,0.139850101116562,0.219975756330366
1448118.22767453,0.132887092396473,0.21177552072809
1482020.70579886,0.126214353629786,0.203816900822644
1516716.88847092,0.119825184717493,0.196058185896606
1552225.35742705,0.113712480023002,0.18854446135456
1588565.12942805,0.107868805367404,0.181289963456493
1625755.66644379,0.102286456599115,0.174260939109361
1663816.88607613,0.0969575218120998,0.167432134467851
1702769.1722259,0.0918739446206032,0.160848121466118
1742633.38600965,0.0870273303783645,0.154465778044409
1783430.87693191,0.0824096654589787,0.148297079200857
1825183.49431904,0.0780128231961733,0.14236554894758
1867913.59902078,0.0738286172604066,0.136621898410965
1911644.0753857,0.0698489254951409,0.131102924880159
1956398.34351706,0.0660657197509165,0.12575920374898
2002200.37181558,0.0624710974626693,0.120608659306515
2049074.68981585,0.0590573229919015,0.115651879195175
2097046.40132323,0.0558169653177568,0.110871759472454
2146141.19785841,0.0527476094174023,0.106291732077139
2196385.37241655,0.0498253189815954,0.101855735428803
2247805.83354873,0.0470594127237801,0.0975966452000367
2300430.11977292,0.0444383433737654,0.0935003544012286
2354286.41432242,0.0419551898698245,0.0895798535283972
2409403.56023953,0.0396034728498461,0.0857819721402783
2465811.0758226,0.0373771486122896,0.0821491576966178
2523539.17043477,0.0352704182719537,0.078661725570665
2582618.76068267,0.0332763567338521,0.0753300465258362
2643081.4869741,0.0313904777628702,0.0720922360020294
2704959.73046314,0.0296070493969846,0.0690079286747382
2768286.63039207,0.0279209510260451,0.0660474941369175
2833096.10183932,0.0263272804772249,0.063212481701637
2899422.85388288,0.0248213303656392,0.0604803075989342
2967302.40818887,0.0233986010930448,0.0578613258381387
3036771.11803546,0.0220547895787876,0.055354481003747
3107866.18778201,0.0207857845142005,0.0529554118922447
3180625.69279412,0.0195876613446858,0.0506562692305462
3255088.59983506,0.0184566767735193,0.0484508581650023
3331294.78793467,0.0173892627748587,0.0463442610076185
3409285.06974681,0.0163820218572342,0.0443038240446789
3489101.21340677,0.0154317193280087,0.0423706110835148
3570785.96490046,0.0145352785751615,0.040507353822387
3654383.07095725,0.0136897775926343,0.0387454350716903
3739937.3024788,0.0128924388731607,0.0370366175865685
3827494.47851632,0.012140618169605,0.0354145801329886
3917101.49080926,0.0114318103683266,0.0338466878370566
4008806.32889846,0.0107636385387197,0.0323478086692651
4102658.10582719,0.010133828736765,0.0309165794252212
4198707.08444391,0.00954025602847797,0.0295619044997425
4297004.70432084,0.00898090803440369,0.0282515666861908
4397603.60930272,0.00845386902859244,0.0270007608262001
4500557.6757005,0.00795732136163969,0.0258012549347499
4605922.0411451,0.00748954395407657,0.0246497538245639
4713753.13411673,0.00704890948976138,0.0235652074444121
4824108.70416537,0.00663387859302459,0.0225080547283126
4937047.852839,0.00624299550124421,0.0215068318673121
5052631.06533568,0.00587488390489537,0.020559014390215
5170920.24289676,0.00552824295376701,0.0196301799153763
5291978.73595844,0.00520184342734073,0.0187567791507759
5415871.37807948,0.00489452406674771,0.017918191589409
5542664.52066311,0.00460518806523465,0.0171186085004517
5672426.06849198,0.00433279971364658,0.0163365664307897
5805225.5160949,0.00407638119607629,0.0156240988939628
5941133.98496504,0.00383500953711399,0.0149304804751422
6080224.26164943,0.003607813681962,0.0142642663780994
6222570.83673023,0.0033939937759652,0.0136232334936846
6368249.94471859,0.00319275801280039,0.0130161414239852
6517339.60488242,0.00300337394419066,0.0124308792252739
6669919.66303011,0.00282515176813991,0.0118780356134498
6826071.83427239,0.00265742391001883,0.0113492167393252
6985879.74678525,0.00249959048643474,0.0108258871996752
7149428.98659758,0.00235108003117421,0.0103421004952054
7316807.14342719,0.00221134712965712,0.00987581139273514
7488103.85759003,0.00207987774059592,0.00943664429156131
7663410.86800746,0.00195618744570248,0.00901267849537203
7842822.06133768,0.00183981979135446,0.00859342692961994
8026433.52225717,0.00173034471807271,0.00820596707470103
8214343.58491942,0.00162735707368194,0.00784900950702896
8406652.88561832,0.00153047520616554,0.00749687898706999
8603464.41668451,0.00143933963236381,0.00715820181457625
8804883.58164346,0.00135361177881137,0.0068383079827074
9011018.25166502,0.00127297279114229,0.00651767085905042
9221978.82333432,0.00119712240864115,0.00623361645111665
9437878.27777539,0.00112577790065242,0.00594955283902101
9658832.24115871,0.00105867306151575,0.00568897085122308
9884959.04662559,0.000995557262126183,0.0054199991028593
10116379.7976621,0.000936194552448262,0.00518963838186784
10353218.4329566,0.000880362815971458,0.00494359778989399
10595601.7927761,0.000827852970668826,0.00472239251005565
10843659.6868961,0.000778468215087845,0.00450472656279474
11097524.9641207,0.000732023317001032,0.00432123738475062
11357333.5834311,0.000688343942345778,0.00411485465308296
11623224.6867985,0.000647266022365924,0.00393692127560238
11895340.6737032,0.0006086351564307,0.0037561069541008
12173827.2773966,0.000572306049780035,0.00358476976259096
12458833.6429501,0.000538141982510538,0.0034165280252151
12750512.4071301,0.000506007496226924,0.00325130884862141
13049019.780144,0.000475785500495816,0.00310255622154891
13354515.629299,0.00044736625938028,0.00297749085222635
13667163.5646201,0.00042064249409154,0.0028331249744325
13987131.0264724,0.000395513282319467,0.00271500209046357
14314589.3752348,0.000371883690530091,0.00258477789927479
14649713.9830728,0.000349664411640199,0.00246882292243009
14992684.3278605,0.000328771439970767,0.00236566468310482
15343684.0893001,0.00030912575674725,0.00225350961873411
15702901.2472938,0.000290653035984227,0.00216016979792056
16070528.1826164,0.000273283367356039,0.00205971519057288
16446761.7799466,0.000256950995320399,0.00195321328271973
16831803.5333095,0.000241594073517347,0.00187111615356212
17225859.6539879,0.000227154434293115,0.00179675899934887
17629141.1809595,0.000213577368076486,0.0017159652525382
18041864.0939207,0.000200811423018097,0.0016339800910135
18464249.4289554,0.000188808209131012,0.00155690406651585
18896523.3969121,0.000177522217509245,0.00149078089332742
19338917.5045523,0.000166910649514394,0.00141552088989491
19791668.6785356,0.000156933256000537,0.0013586920504002
20255019.3923067,0.000147552186011775,0.00130126330606151
20729217.7959537,0.000138731844402916,0.00123828655898031
21214517.8491063,0.000130438757841536,0.00118410096271768
21711179.4569451,0.000122641448849369,0.00112369595230578
22219468.6093952,0.000115310317082592,0.00107857715255428
22739657.5235793,0.000108417527862514,0.00102797110225588
23272024.7896041,0.000101936907245051,0.000977838970020667
23816855.5197616,9.58438433770478e-05,0.000943329753813251
24374441.5012222,9.01151937803078e-05,0.000888431831065001
24945081.3523032,8.47291982551363e-05,0.000851939618482124
25529080.6823952,7.96653971340376e-05,0.000821130582294402
26126752.2556333,7.49045546642487e-05,0.000775903785719083
26738416.1583994,7.04249892927481e-05,0.000738554204311496
27364399.9707467,6.62131722566945e-05,0.000699811918368199
28005038.9418363,6.2253658278844e-05,0.000668252492739276
28660676.1694825,5.85313840234195e-05,0.000637324176500419
29331662.7839004,5.50317178696908e-05,0.000623481313726364
30018358.1357559,5.17403095651924e-05,0.000594695704824524
30721129.9886176,4.86457830033149e-05,0.000555292129669923
31440354.715915,4.57363617724481e-05,0.000532899794796015
32176417.5025074,4.30009736094512e-05,0.000513917380094379
32929712.5509715,4.04292083570176e-05,0.000491626823839798
33700643.2927192,3.80112783877489e-05,0.000471527145975545
34489622.6040576,3.57379814094085e-05,0.000450330682953913
35297073.0273065,3.3600665484941e-05,0.000426434277648359
36123426.9970943,3.15911961397476e-05,0.000409671726217413
36969127.0719502,2.97019254320398e-05,0.000388516678654188
37834626.1713193,2.79256628694324e-05,0.000370917373862426
38720387.8181256,2.62556480618608e-05,0.000357032003638676
39626886.3870148,2.46855250074144e-05,0.000338322116510671
40554607.3584083,2.32093179138124e-05,0.000326260504886849
41504047.5785047,2.18214084640136e-05,0.000303726084058362
42475715.5253689,2.05165144388602e-05,0.000297870172727584
43470131.5812503,1.92896696220905e-05,0.000277269286540303
44487828.3112759,1.81362048953698e-05,0.000267447813473558
45529350.7486695,1.70517304739068e-05,0.000255902067085641
46595256.6866468,1.60321191981553e-05,0.000232780752957277
47686116.9771447,1.50734908252821e-05,0.000223310749270246
48802515.8365443,1.41721972595944e-05,0.000213557955135739
49945051.1585514,1.33246655027819e-05,0.000209628230718752
51114334.8344017,1.25277490960951e-05,0.000198677096577566
52310993.0805626,1.17785025760225e-05,0.000196359640157493
53535666.7741072,1.10740744763458e-05,0.000181023522635457
54789011.7959394,1.04117838604256e-05,0.000172167658166269
56071699.3820546,9.78911012759438e-06,0.000170189490452864
57384416.4830239,9.20368342836402e-06,0.000154719673125054
58727866.1318949,8.65327565214107e-06,0.000151780224389669
60102767.8207039,8.13579195330186e-06,0.000144650799096437
61509857.885805,7.64926278351085e-06,0.000137150198149441
62949889.9022189,7.1918364000783e-06,0.000128448454028484
64423635.0872137,6.76177182195037e-06,0.000125171691901222
65931882.7133354,6.35743220661651e-06,0.000121043745303718
67475440.5311069,5.97727862281056e-06,0.000109979743759509
69055135.2016233,5.6198641953781e-06,0.000105235632926155
70671812.7392749,5.28382860009084e-06,0.000100633237359474
72326338.9648353,4.96789289688012e-06,9.90845862825761e-05
74019599.9691565,4.67085462507528e-06,9.3779223329005e-05
75752502.5877192,4.39158328551553e-06,8.9286050941023e-05
77525974.8862946,4.12901599907029e-06,8.52017081381878e-05
79340966.6579749,3.88215347155115e-06,8.1346822266319e-05
81198449.9318401,3.65005619050303e-06,7.74801212712819e-05
83099419.4935339,3.43184084938952e-06,7.16088198050415e-05
85044893.4180267,3.22667698558601e-06,6.80163654160937e-05
87035913.6148517,3.03378381940485e-06,6.46935528172057e-05
89073546.3861044,2.85242728213964e-06,6.49528209081532e-05
91158882.9975082,2.6819172218321e-06,6.20622099855649e-05
93293040.262847,2.5216047761404e-06,5.95467840255187e-05
95477161.1420807,2.37087990232107e-06,5.76036238516337e-05
97712415.353465,2.22916905493322e-06,5.5245890630515e-05
100000000,2.09593300243519e-06,5.29596941509091e-05
