#fa/C,dNeff
1.000000e+06,4.852056e-01
1.009272e+06,4.846679e-01
1.018629e+06,4.841231e-01
1.028073e+06,4.835707e-01
1.037605e+06,4.830093e-01
1.047225e+06,4.824461e-01
1.056935e+06,4.818844e-01
1.066734e+06,4.813225e-01
1.076624e+06,4.807613e-01
1.086606e+06,4.802012e-01
1.096681e+06,4.796393e-01
1.106848e+06,4.790744e-01
1.117111e+06,4.785067e-01
1.127468e+06,4.779339e-01
1.137921e+06,4.773555e-01
1.148472e+06,4.767751e-01
1.159120e+06,4.761953e-01
1.169866e+06,4.756141e-01
1.180713e+06,4.750290e-01
1.191660e+06,4.744400e-01
1.202708e+06,4.738487e-01
1.213859e+06,4.732559e-01
1.225114e+06,4.726614e-01
1.236472e+06,4.720658e-01
1.247936e+06,4.714701e-01
1.259506e+06,4.708698e-01
1.271184e+06,4.702594e-01
1.282970e+06,4.696439e-01
1.294865e+06,4.690332e-01
1.306870e+06,4.684278e-01
1.318987e+06,4.678221e-01
1.331216e+06,4.672143e-01
1.343558e+06,4.666047e-01
1.356015e+06,4.659893e-01
1.368587e+06,4.653675e-01
1.381276e+06,4.647429e-01
1.394083e+06,4.641173e-01
1.407008e+06,4.634898e-01
1.420053e+06,4.628623e-01
1.433219e+06,4.622355e-01
1.446507e+06,4.616052e-01
1.459919e+06,4.609672e-01
1.473454e+06,4.603243e-01
1.487115e+06,4.596818e-01
1.500903e+06,4.590400e-01
1.514819e+06,4.583961e-01
1.528864e+06,4.577482e-01
1.543038e+06,4.570972e-01
1.557345e+06,4.564442e-01
1.571784e+06,4.557896e-01
1.586357e+06,4.551318e-01
1.601064e+06,4.544682e-01
1.615909e+06,4.538007e-01
1.630891e+06,4.531354e-01
1.646012e+06,4.524738e-01
1.661273e+06,4.518098e-01
1.676675e+06,4.511385e-01
1.692220e+06,4.504625e-01
1.707910e+06,4.497860e-01
1.723745e+06,4.491101e-01
1.739726e+06,4.484307e-01
1.755856e+06,4.477437e-01
1.772136e+06,4.470514e-01
1.788566e+06,4.463579e-01
1.805149e+06,4.456637e-01
1.821885e+06,4.449676e-01
1.838777e+06,4.442696e-01
1.855825e+06,4.435696e-01
1.873032e+06,4.428665e-01
1.890397e+06,4.421603e-01
1.907924e+06,4.414513e-01
1.925614e+06,4.407398e-01
1.943467e+06,4.400258e-01
1.961486e+06,4.393096e-01
1.979672e+06,4.385924e-01
1.998026e+06,4.378711e-01
2.016551e+06,4.371417e-01
2.035248e+06,4.364061e-01
2.054117e+06,4.356716e-01
2.073162e+06,4.349406e-01
2.092383e+06,4.342075e-01
2.111783e+06,4.334688e-01
2.131362e+06,4.327256e-01
2.151123e+06,4.319775e-01
2.171068e+06,4.312239e-01
2.191197e+06,4.304660e-01
2.211512e+06,4.297054e-01
2.232016e+06,4.289415e-01
2.252711e+06,4.281700e-01
2.273597e+06,4.273877e-01
2.294676e+06,4.266026e-01
2.315951e+06,4.258237e-01
2.337424e+06,4.250476e-01
2.359095e+06,4.242655e-01
2.380968e+06,4.234762e-01
2.403043e+06,4.226807e-01
2.425323e+06,4.218786e-01
2.447809e+06,4.210701e-01
2.470504e+06,4.202551e-01
2.493409e+06,4.194336e-01
2.516527e+06,4.186057e-01
2.539859e+06,4.177707e-01
2.563407e+06,4.169287e-01
2.587174e+06,4.160842e-01
2.611161e+06,4.152406e-01
2.635371e+06,4.143910e-01
2.659804e+06,4.135281e-01
2.684465e+06,4.126537e-01
2.709354e+06,4.117723e-01
2.734474e+06,4.108845e-01
2.759826e+06,4.099897e-01
2.785414e+06,4.090885e-01
2.811239e+06,4.081806e-01
2.837304e+06,4.072636e-01
2.863610e+06,4.063371e-01
2.890160e+06,4.054005e-01
2.916956e+06,4.044515e-01
2.944000e+06,4.034906e-01
2.971296e+06,4.025204e-01
2.998844e+06,4.015412e-01
3.026648e+06,4.005529e-01
3.054710e+06,3.995564e-01
3.083031e+06,3.985512e-01
3.111616e+06,3.975366e-01
3.140465e+06,3.965158e-01
3.169582e+06,3.954812e-01
3.198969e+06,3.944202e-01
3.228628e+06,3.933345e-01
3.258562e+06,3.922354e-01
3.288774e+06,3.911246e-01
3.319266e+06,3.900020e-01
3.350041e+06,3.888729e-01
3.381101e+06,3.877366e-01
3.412449e+06,3.865813e-01
3.444087e+06,3.854015e-01
3.476019e+06,3.842022e-01
3.508247e+06,3.829874e-01
3.540774e+06,3.817558e-01
3.573602e+06,3.805062e-01
3.606735e+06,3.792354e-01
3.640175e+06,3.779481e-01
3.673925e+06,3.766532e-01
3.707988e+06,3.753497e-01
3.742366e+06,3.740252e-01
3.777064e+06,3.726742e-01
3.812083e+06,3.713005e-01
3.847427e+06,3.699058e-01
3.883098e+06,3.684893e-01
3.919100e+06,3.670500e-01
3.955436e+06,3.655841e-01
3.992109e+06,3.640972e-01
4.029122e+06,3.626014e-01
4.066478e+06,3.610957e-01
4.104181e+06,3.595661e-01
4.142232e+06,3.580040e-01
4.180637e+06,3.564169e-01
4.219398e+06,3.548131e-01
4.258518e+06,3.531912e-01
4.298001e+06,3.515476e-01
4.337850e+06,3.498801e-01
4.378069e+06,3.481901e-01
4.418660e+06,3.464783e-01
4.459628e+06,3.447434e-01
4.500975e+06,3.429898e-01
4.542706e+06,3.412207e-01
4.584824e+06,3.394322e-01
4.627332e+06,3.376191e-01
4.670234e+06,3.357814e-01
4.713535e+06,3.339208e-01
4.757236e+06,3.320348e-01
4.801343e+06,3.301270e-01
4.845859e+06,3.282071e-01
4.890787e+06,3.262749e-01
4.936132e+06,3.243210e-01
4.981898e+06,3.223388e-01
5.028087e+06,3.203334e-01
5.074705e+06,3.183102e-01
5.121755e+06,3.162675e-01
5.169242e+06,3.142091e-01
5.217169e+06,3.121393e-01
5.265540e+06,3.100536e-01
5.314359e+06,3.079442e-01
5.363631e+06,3.058100e-01
5.413360e+06,3.036592e-01
5.463550e+06,3.014954e-01
5.514206e+06,2.993166e-01
5.565331e+06,2.971243e-01
5.616930e+06,2.949183e-01
5.669007e+06,2.926977e-01
5.721568e+06,2.904605e-01
5.774615e+06,2.882086e-01
5.828155e+06,2.859466e-01
5.882190e+06,2.836739e-01
5.936727e+06,2.813904e-01
5.991770e+06,2.790964e-01
6.047322e+06,2.767917e-01
6.103390e+06,2.744757e-01
6.159978e+06,2.721478e-01
6.217090e+06,2.698109e-01
6.274732e+06,2.674663e-01
6.332908e+06,2.651137e-01
6.391624e+06,2.627541e-01
6.450884e+06,2.603874e-01
6.510694e+06,2.580147e-01
6.571058e+06,2.556366e-01
6.631981e+06,2.532533e-01
6.693470e+06,2.508671e-01
6.755528e+06,2.484777e-01
6.818162e+06,2.460855e-01
6.881377e+06,2.436907e-01
6.945178e+06,2.412935e-01
7.009570e+06,2.388959e-01
7.074559e+06,2.364976e-01
7.140151e+06,2.340996e-01
7.206351e+06,2.317024e-01
7.273165e+06,2.293063e-01
7.340598e+06,2.269138e-01
7.408657e+06,2.245255e-01
7.477346e+06,2.221398e-01
7.546673e+06,2.197548e-01
7.616642e+06,2.173724e-01
7.687260e+06,2.149977e-01
7.758532e+06,2.126315e-01
7.830465e+06,2.102715e-01
7.903066e+06,2.079167e-01
7.976339e+06,2.055675e-01
8.050292e+06,2.032226e-01
8.124930e+06,2.008800e-01
8.200261e+06,1.985468e-01
8.276289e+06,1.962292e-01
8.353023e+06,1.939241e-01
8.430468e+06,1.916280e-01
8.508632e+06,1.893408e-01
8.587519e+06,1.870632e-01
8.667139e+06,1.847944e-01
8.747496e+06,1.825355e-01
8.828599e+06,1.802911e-01
8.910453e+06,1.780624e-01
8.993067e+06,1.758459e-01
9.076446e+06,1.736384e-01
9.160598e+06,1.714416e-01
9.245531e+06,1.692589e-01
9.331251e+06,1.670896e-01
9.417766e+06,1.649357e-01
9.505083e+06,1.627997e-01
9.593209e+06,1.606804e-01
9.682153e+06,1.585769e-01
9.771921e+06,1.564894e-01
9.862522e+06,1.544171e-01
9.953962e+06,1.523592e-01
1.004625e+07,1.503161e-01
1.013939e+07,1.482899e-01
1.023340e+07,1.462807e-01
1.032828e+07,1.442881e-01
1.042404e+07,1.423122e-01
1.052069e+07,1.403530e-01
1.061823e+07,1.384092e-01
1.071668e+07,1.364790e-01
1.081604e+07,1.345668e-01
1.091632e+07,1.326771e-01
1.101753e+07,1.308081e-01
1.111968e+07,1.289566e-01
1.122277e+07,1.271218e-01
1.132683e+07,1.253051e-01
1.143184e+07,1.235075e-01
1.153783e+07,1.217285e-01
1.164481e+07,1.199656e-01
1.175277e+07,1.182172e-01
1.186174e+07,1.164869e-01
1.197171e+07,1.147789e-01
1.208271e+07,1.130917e-01
1.219473e+07,1.114220e-01
1.230780e+07,1.097693e-01
1.242191e+07,1.081340e-01
1.253708e+07,1.065158e-01
1.265332e+07,1.049145e-01
1.277063e+07,1.033344e-01
1.288904e+07,1.017781e-01
1.300854e+07,1.002400e-01
1.312915e+07,9.871426e-02
1.325087e+07,9.720242e-02
1.337373e+07,9.571057e-02
1.349772e+07,9.424042e-02
1.362287e+07,9.278916e-02
1.374917e+07,9.135479e-02
1.387665e+07,8.993764e-02
1.400531e+07,8.853869e-02
1.413516e+07,8.715789e-02
1.426621e+07,8.579511e-02
1.439848e+07,8.445071e-02
1.453198e+07,8.312444e-02
1.466671e+07,8.181439e-02
1.480269e+07,8.051922e-02
1.493993e+07,7.924079e-02
1.507845e+07,7.798128e-02
1.521825e+07,7.673993e-02
1.535935e+07,7.551515e-02
1.550175e+07,7.430624e-02
1.564548e+07,7.311368e-02
1.579053e+07,7.193782e-02
1.593694e+07,7.077838e-02
1.608469e+07,6.963471e-02
1.623382e+07,6.850645e-02
1.638434e+07,6.739368e-02
1.653624e+07,6.629622e-02
1.668956e+07,6.521375e-02
1.684430e+07,6.414794e-02
1.700047e+07,6.310025e-02
1.715809e+07,6.206789e-02
1.731717e+07,6.104698e-02
1.747773e+07,6.003786e-02
1.763977e+07,5.904462e-02
1.780332e+07,5.806871e-02
1.796838e+07,5.710830e-02
1.813498e+07,5.616249e-02
1.830312e+07,5.523144e-02
1.847281e+07,5.431280e-02
1.864409e+07,5.340448e-02
1.881694e+07,5.250903e-02
1.899141e+07,5.163004e-02
1.916748e+07,5.076678e-02
1.934520e+07,4.991652e-02
1.952456e+07,4.907817e-02
1.970558e+07,4.825222e-02
1.988828e+07,4.743863e-02
2.007267e+07,4.663714e-02
2.025878e+07,4.584810e-02
2.044661e+07,4.507155e-02
2.063618e+07,4.430716e-02
2.082751e+07,4.355476e-02
2.102061e+07,4.281419e-02
2.121550e+07,4.208521e-02
2.141220e+07,4.136786e-02
2.161073e+07,4.066163e-02
2.181109e+07,3.996540e-02
2.201331e+07,3.927870e-02
2.221741e+07,3.860463e-02
2.242340e+07,3.794570e-02
2.263130e+07,3.729867e-02
2.284112e+07,3.665882e-02
2.305289e+07,3.602628e-02
2.326663e+07,3.540381e-02
2.348235e+07,3.479255e-02
2.370006e+07,3.419147e-02
2.391980e+07,3.360005e-02
2.414157e+07,3.301806e-02
2.436540e+07,3.244600e-02
2.459130e+07,3.188450e-02
2.481930e+07,3.133247e-02
2.504942e+07,3.078784e-02
2.528166e+07,3.025034e-02
2.551606e+07,2.972203e-02
2.575263e+07,2.920404e-02
2.599140e+07,2.869529e-02
2.623238e+07,2.819493e-02
2.647559e+07,2.770285e-02
2.672106e+07,2.721919e-02
2.696881e+07,2.674449e-02
2.721885e+07,2.627774e-02
2.747121e+07,2.581646e-02
2.772591e+07,2.535999e-02
2.798297e+07,2.491219e-02
2.824241e+07,2.447588e-02
2.850426e+07,2.404855e-02
2.876854e+07,2.362683e-02
2.903527e+07,2.321064e-02
2.930447e+07,2.280121e-02
2.957617e+07,2.239886e-02
2.985038e+07,2.200339e-02
3.012714e+07,2.161536e-02
3.040646e+07,2.123500e-02
3.068838e+07,2.086049e-02
3.097291e+07,2.049020e-02
3.126007e+07,2.012524e-02
3.154990e+07,1.976751e-02
3.184242e+07,1.941671e-02
3.213764e+07,1.907284e-02
3.243561e+07,1.873670e-02
3.273634e+07,1.840718e-02
3.303985e+07,1.808120e-02
3.334618e+07,1.775830e-02
3.365535e+07,1.744066e-02
3.396739e+07,1.712949e-02
3.428231e+07,1.682408e-02
3.460016e+07,1.652436e-02
3.492096e+07,1.623026e-02
3.524473e+07,1.594150e-02
3.557150e+07,1.565797e-02
3.590130e+07,1.537952e-02
3.623416e+07,1.510556e-02
3.657011e+07,1.483589e-02
3.690917e+07,1.457100e-02
3.725137e+07,1.431136e-02
3.759675e+07,1.405654e-02
3.794533e+07,1.380579e-02
3.829714e+07,1.355899e-02
3.865221e+07,1.331629e-02
3.901058e+07,1.307763e-02
3.937226e+07,1.284298e-02
3.973730e+07,1.261270e-02
4.010573e+07,1.238689e-02
4.047757e+07,1.216490e-02
4.085286e+07,1.194612e-02
4.123163e+07,1.173080e-02
4.161391e+07,1.151960e-02
4.199973e+07,1.131255e-02
4.238913e+07,1.110923e-02
4.278214e+07,1.090917e-02
4.317880e+07,1.071257e-02
4.357913e+07,1.052045e-02
4.398317e+07,1.033350e-02
4.439097e+07,1.014941e-02
4.480254e+07,9.965850e-03
4.521792e+07,9.783893e-03
4.563716e+07,9.605965e-03
4.606029e+07,9.432319e-03
4.648734e+07,9.262147e-03
4.691835e+07,9.095112e-03
4.735335e+07,8.931240e-03
4.779239e+07,8.770255e-03
4.823549e+07,8.611764e-03
4.868271e+07,8.456601e-03
4.913407e+07,8.306043e-03
4.958962e+07,8.159351e-03
5.004939e+07,8.013376e-03
5.051342e+07,7.866974e-03
5.098176e+07,7.722659e-03
5.145444e+07,7.582535e-03
5.193150e+07,7.445732e-03
5.241298e+07,7.311288e-03
5.289893e+07,7.179039e-03
5.338938e+07,7.049096e-03
5.388438e+07,6.921307e-03
5.438397e+07,6.795684e-03
5.488820e+07,6.672902e-03
5.539709e+07,6.553334e-03
5.591071e+07,6.435986e-03
5.642908e+07,6.319882e-03
5.695227e+07,6.205315e-03
5.748030e+07,6.092658e-03
5.801323e+07,5.981852e-03
5.855110e+07,5.873023e-03
5.909396e+07,5.766374e-03
5.964185e+07,5.661784e-03
6.019482e+07,5.559357e-03
6.075292e+07,5.459337e-03
6.131619e+07,5.361048e-03
6.188468e+07,5.263590e-03
6.245845e+07,5.167195e-03
6.303753e+07,5.072895e-03
6.362198e+07,4.980845e-03
6.421186e+07,4.890833e-03
6.480720e+07,4.803122e-03
6.540806e+07,4.717632e-03
6.601449e+07,4.632551e-03
6.662655e+07,4.546626e-03
6.724427e+07,4.462027e-03
6.786773e+07,4.381424e-03
6.849697e+07,4.304079e-03
6.913204e+07,4.226917e-03
6.977300e+07,4.148446e-03
7.041990e+07,4.070851e-03
7.107280e+07,3.996342e-03
7.173175e+07,3.924320e-03
7.239681e+07,3.853454e-03
7.306804e+07,3.783292e-03
7.374549e+07,3.714300e-03
7.442922e+07,3.646792e-03
7.511929e+07,3.580675e-03
7.581576e+07,3.515668e-03
7.651869e+07,3.451786e-03
7.722814e+07,3.388861e-03
7.794416e+07,3.326357e-03
7.866682e+07,3.264243e-03
7.939618e+07,3.204277e-03
8.013230e+07,3.147597e-03
8.087525e+07,3.092401e-03
8.162509e+07,3.036479e-03
8.238187e+07,2.980160e-03
8.314568e+07,2.925131e-03
8.391656e+07,2.871996e-03
8.469460e+07,2.820140e-03
8.547985e+07,2.769266e-03
8.627237e+07,2.719445e-03
8.707225e+07,2.670327e-03
8.787954e+07,2.621686e-03
8.869432e+07,2.573762e-03
8.951665e+07,2.526806e-03
9.034660e+07,2.480746e-03
9.118425e+07,2.435587e-03
9.202967e+07,2.391406e-03
9.288292e+07,2.348033e-03
9.374409e+07,2.305235e-03
9.461324e+07,2.263083e-03
9.549045e+07,2.221310e-03
9.637579e+07,2.179281e-03
9.726934e+07,2.137968e-03
9.817117e+07,2.099027e-03
9.908137e+07,2.062036e-03
1.000000e+08,2.026797e-03
