#fa/C,dNeff
1.000000e+04,2.206518e-01
1.018629e+04,2.197195e-01
1.037605e+04,2.187840e-01
1.056935e+04,2.178406e-01
1.076624e+04,2.168897e-01
1.096681e+04,2.159369e-01
1.117111e+04,2.149797e-01
1.137921e+04,2.140240e-01
1.159120e+04,2.130700e-01
1.180713e+04,2.121117e-01
1.202708e+04,2.111385e-01
1.225114e+04,2.101644e-01
1.247936e+04,2.091890e-01
1.271184e+04,2.082095e-01
1.294865e+04,2.072283e-01
1.318987e+04,2.062544e-01
1.343558e+04,2.052825e-01
1.368587e+04,2.043047e-01
1.394083e+04,2.033179e-01
1.420053e+04,2.023241e-01
1.446507e+04,2.013311e-01
1.473454e+04,2.003637e-01
1.500903e+04,1.993749e-01
1.528864e+04,1.983757e-01
1.557345e+04,1.973812e-01
1.586357e+04,1.963903e-01
1.615909e+04,1.953947e-01
1.646012e+04,1.944025e-01
1.676675e+04,1.934108e-01
1.707910e+04,1.924137e-01
1.739726e+04,1.914076e-01
1.772136e+04,1.904221e-01
1.805149e+04,1.894316e-01
1.838777e+04,1.884372e-01
1.873032e+04,1.874439e-01
1.907924e+04,1.864489e-01
1.943467e+04,1.854543e-01
1.979672e+04,1.844621e-01
2.016551e+04,1.834744e-01
2.054117e+04,1.824893e-01
2.092383e+04,1.814960e-01
2.131362e+04,1.805159e-01
2.171068e+04,1.795293e-01
2.211512e+04,1.785440e-01
2.252711e+04,1.775676e-01
2.294676e+04,1.765789e-01
2.337424e+04,1.756081e-01
2.380968e+04,1.746335e-01
2.425323e+04,1.736587e-01
2.470504e+04,1.726927e-01
2.516527e+04,1.717284e-01
2.563407e+04,1.707670e-01
2.611161e+04,1.698052e-01
2.659804e+04,1.688456e-01
2.709354e+04,1.678912e-01
2.759826e+04,1.669387e-01
2.811239e+04,1.659911e-01
2.863610e+04,1.650452e-01
2.916956e+04,1.641022e-01
2.971296e+04,1.631640e-01
3.026648e+04,1.622273e-01
3.083031e+04,1.613006e-01
3.140465e+04,1.603770e-01
3.198969e+04,1.594545e-01
3.258562e+04,1.585351e-01
3.319266e+04,1.576249e-01
3.381101e+04,1.567150e-01
3.444087e+04,1.558096e-01
3.508247e+04,1.549098e-01
3.573602e+04,1.540143e-01
3.640175e+04,1.531223e-01
3.707988e+04,1.522372e-01
3.777064e+04,1.513561e-01
3.847427e+04,1.504789e-01
3.919100e+04,1.496078e-01
3.992109e+04,1.487408e-01
4.066478e+04,1.478794e-01
4.142232e+04,1.470227e-01
4.219398e+04,1.461710e-01
4.298001e+04,1.453254e-01
4.378069e+04,1.444831e-01
4.459628e+04,1.436481e-01
4.542706e+04,1.428184e-01
4.627332e+04,1.419938e-01
4.713535e+04,1.411756e-01
4.801343e+04,1.403621e-01
4.890787e+04,1.395532e-01
4.981898e+04,1.387507e-01
5.074705e+04,1.379547e-01
5.169242e+04,1.371635e-01
5.265540e+04,1.363774e-01
5.363631e+04,1.355976e-01
5.463550e+04,1.348229e-01
5.565331e+04,1.340531e-01
5.669007e+04,1.332903e-01
5.774615e+04,1.325352e-01
5.882190e+04,1.317843e-01
5.991770e+04,1.310386e-01
6.103390e+04,1.302991e-01
6.217090e+04,1.295658e-01
6.332908e+04,1.288382e-01
6.450884e+04,1.281153e-01
6.571058e+04,1.273983e-01
6.693470e+04,1.266882e-01
6.818162e+04,1.259841e-01
6.945178e+04,1.252850e-01
7.074559e+04,1.245910e-01
7.206351e+04,1.239037e-01
7.340598e+04,1.232228e-01
7.477346e+04,1.225462e-01
7.616642e+04,1.218766e-01
7.758532e+04,1.212123e-01
7.903066e+04,1.205535e-01
8.050292e+04,1.199007e-01
8.200261e+04,1.192526e-01
8.353023e+04,1.186116e-01
8.508632e+04,1.179762e-01
8.667139e+04,1.173461e-01
8.828599e+04,1.167214e-01
8.993067e+04,1.161023e-01
9.160598e+04,1.154886e-01
9.331251e+04,1.148802e-01
9.505083e+04,1.142775e-01
9.682153e+04,1.136809e-01
9.862522e+04,1.130891e-01
1.004625e+05,1.125032e-01
1.023340e+05,1.119205e-01
1.042404e+05,1.113436e-01
1.061823e+05,1.107748e-01
1.081604e+05,1.102110e-01
1.101753e+05,1.096517e-01
1.122277e+05,1.090974e-01
1.143184e+05,1.085472e-01
1.164481e+05,1.080009e-01
1.186174e+05,1.074614e-01
1.208271e+05,1.069281e-01
1.230780e+05,1.063983e-01
1.253708e+05,1.058738e-01
1.277063e+05,1.053563e-01
1.300854e+05,1.048415e-01
1.325087e+05,1.043319e-01
1.349772e+05,1.038254e-01
1.374917e+05,1.033245e-01
1.400531e+05,1.028321e-01
1.426621e+05,1.023413e-01
1.453198e+05,1.018554e-01
1.480269e+05,1.013740e-01
1.507845e+05,1.008971e-01
1.535935e+05,1.004245e-01
1.564548e+05,9.995357e-02
1.593694e+05,9.949214e-02
1.623382e+05,9.903480e-02
1.653624e+05,9.857999e-02
1.684430e+05,9.812927e-02
1.715809e+05,9.768357e-02
1.747773e+05,9.724147e-02
1.780332e+05,9.680379e-02
1.813498e+05,9.637044e-02
1.847281e+05,9.594070e-02
1.881694e+05,9.551470e-02
1.916748e+05,9.509312e-02
1.952456e+05,9.467593e-02
1.988828e+05,9.426227e-02
2.025878e+05,9.385124e-02
2.063618e+05,9.344656e-02
2.102061e+05,9.303951e-02
2.141220e+05,9.264069e-02
2.181109e+05,9.225056e-02
2.221741e+05,9.185953e-02
2.263130e+05,9.147095e-02
2.305289e+05,9.108754e-02
2.348235e+05,9.070715e-02
2.391980e+05,9.032956e-02
2.436540e+05,8.995683e-02
2.481930e+05,8.958623e-02
2.528166e+05,8.921967e-02
2.575263e+05,8.885637e-02
2.623238e+05,8.849593e-02
2.672106e+05,8.813887e-02
2.721885e+05,8.778557e-02
2.772591e+05,8.743517e-02
2.824241e+05,8.708773e-02
2.876854e+05,8.674335e-02
2.930447e+05,8.640193e-02
2.985038e+05,8.606394e-02
3.040646e+05,8.572889e-02
3.097291e+05,8.539623e-02
3.154990e+05,8.506634e-02
3.213764e+05,8.474070e-02
3.273634e+05,8.441658e-02
3.334618e+05,8.409596e-02
3.396739e+05,8.377822e-02
3.460016e+05,8.346279e-02
3.524473e+05,8.315017e-02
3.590130e+05,8.283952e-02
3.657011e+05,8.253255e-02
3.725137e+05,8.222796e-02
3.794533e+05,8.192514e-02
3.865221e+05,8.162616e-02
3.937226e+05,8.132901e-02
4.010573e+05,8.103446e-02
4.085286e+05,8.074221e-02
4.161391e+05,8.045211e-02
4.238913e+05,8.016496e-02
4.317880e+05,7.987932e-02
4.398317e+05,7.959630e-02
4.480254e+05,7.931586e-02
4.563716e+05,7.903764e-02
4.648734e+05,7.876146e-02
4.735335e+05,7.848772e-02
4.823549e+05,7.821592e-02
4.913407e+05,7.794636e-02
5.004939e+05,7.767920e-02
5.098176e+05,7.741358e-02
5.193150e+05,7.715007e-02
5.289893e+05,7.688912e-02
5.388438e+05,7.662991e-02
5.488820e+05,7.637179e-02
5.591071e+05,7.611632e-02
5.695227e+05,7.586319e-02
5.801323e+05,7.561192e-02
5.909396e+05,7.536207e-02
6.019482e+05,7.511357e-02
6.131619e+05,7.486736e-02
6.245845e+05,7.462329e-02
6.362198e+05,7.438067e-02
6.480720e+05,7.413972e-02
6.601449e+05,7.390089e-02
6.724427e+05,7.366350e-02
6.849697e+05,7.342795e-02
6.977300e+05,7.319376e-02
7.107280e+05,7.296086e-02
7.239681e+05,7.272959e-02
7.374549e+05,7.250058e-02
7.511929e+05,7.227257e-02
7.651869e+05,7.204636e-02
7.794416e+05,7.182160e-02
7.939618e+05,7.159762e-02
8.087525e+05,7.137690e-02
8.238187e+05,7.115692e-02
8.391656e+05,7.093744e-02
8.547985e+05,7.071937e-02
8.707225e+05,7.050366e-02
8.869432e+05,7.028710e-02
9.034660e+05,7.007492e-02
9.202967e+05,6.986343e-02
9.374409e+05,6.965210e-02
9.549045e+05,6.944324e-02
9.726934e+05,6.923438e-02
9.908137e+05,6.902701e-02
1.009272e+06,6.882133e-02
1.028073e+06,6.861904e-02
1.047225e+06,6.842045e-02
1.066734e+06,6.822570e-02
1.086606e+06,6.803342e-02
1.106848e+06,6.784476e-02
1.127468e+06,6.765958e-02
1.148472e+06,6.747729e-02
1.169866e+06,6.730711e-02
1.191660e+06,6.712459e-02
1.213859e+06,6.694532e-02
1.236472e+06,6.677663e-02
1.259506e+06,6.660801e-02
1.282970e+06,6.644148e-02
1.306870e+06,6.627757e-02
1.331216e+06,6.611660e-02
1.356015e+06,6.595861e-02
1.381276e+06,6.580270e-02
1.407008e+06,6.564774e-02
1.433219e+06,6.549525e-02
1.459919e+06,6.534389e-02
1.487115e+06,6.519335e-02
1.514819e+06,6.504628e-02
1.543038e+06,6.490188e-02
1.571784e+06,6.475569e-02
1.601064e+06,6.461877e-02
1.630891e+06,6.449187e-02
1.661273e+06,6.435498e-02
1.692220e+06,6.420314e-02
1.723745e+06,6.406144e-02
1.755856e+06,6.392702e-02
1.788566e+06,6.379326e-02
1.821885e+06,6.365941e-02
1.855825e+06,6.352963e-02
1.890397e+06,6.339826e-02
1.925614e+06,6.326682e-02
1.961486e+06,6.313761e-02
1.998026e+06,6.300783e-02
2.035248e+06,6.288655e-02
2.073162e+06,6.275850e-02
2.111783e+06,6.262692e-02
2.151123e+06,6.249952e-02
2.191197e+06,6.237226e-02
2.232016e+06,6.224505e-02
2.273597e+06,6.212142e-02
2.315951e+06,6.199854e-02
2.359095e+06,6.187321e-02
2.403043e+06,6.175027e-02
2.447809e+06,6.162054e-02
2.493409e+06,6.149487e-02
2.539859e+06,6.136926e-02
2.587174e+06,6.123910e-02
2.635371e+06,6.112258e-02
2.684465e+06,6.099121e-02
2.734474e+06,6.085945e-02
2.785414e+06,6.073108e-02
2.837304e+06,6.060386e-02
2.890160e+06,6.047159e-02
2.944000e+06,6.033759e-02
2.998844e+06,6.021010e-02
3.054710e+06,6.008192e-02
3.111616e+06,5.994323e-02
3.169582e+06,5.980764e-02
3.228628e+06,5.967232e-02
3.288774e+06,5.953614e-02
3.350041e+06,5.939809e-02
3.412449e+06,5.925750e-02
3.476019e+06,5.911483e-02
3.540774e+06,5.896957e-02
3.606735e+06,5.882982e-02
3.673925e+06,5.868831e-02
3.742366e+06,5.853214e-02
3.812083e+06,5.838342e-02
3.883098e+06,5.822898e-02
3.955436e+06,5.807096e-02
4.029122e+06,5.791419e-02
4.104181e+06,5.776370e-02
4.180637e+06,5.761057e-02
4.258518e+06,5.745540e-02
4.337850e+06,5.729850e-02
4.418660e+06,5.714040e-02
4.500975e+06,5.698231e-02
4.584824e+06,5.683007e-02
4.670234e+06,5.667646e-02
4.757236e+06,5.652056e-02
4.845859e+06,5.636358e-02
4.936132e+06,5.620749e-02
5.028087e+06,5.604743e-02
5.121755e+06,5.589421e-02
5.217169e+06,5.574349e-02
5.314359e+06,5.558764e-02
5.413360e+06,5.542032e-02
5.514206e+06,5.526867e-02
5.616930e+06,5.511470e-02
5.721568e+06,5.495558e-02
5.828155e+06,5.479498e-02
5.936727e+06,5.464062e-02
6.047322e+06,5.448365e-02
6.159978e+06,5.433123e-02
6.274732e+06,5.417879e-02
6.391624e+06,5.402286e-02
6.510694e+06,5.386465e-02
6.631981e+06,5.370480e-02
6.755528e+06,5.354844e-02
6.881377e+06,5.339128e-02
7.009570e+06,5.323070e-02
7.140151e+06,5.307020e-02
7.273165e+06,5.291557e-02
7.408657e+06,5.276190e-02
7.546673e+06,5.260155e-02
7.687260e+06,5.243629e-02
7.830465e+06,5.228442e-02
7.976339e+06,5.212044e-02
8.124930e+06,5.196163e-02
8.276289e+06,5.180483e-02
8.430468e+06,5.164420e-02
8.587519e+06,5.148020e-02
8.747496e+06,5.131701e-02
8.910453e+06,5.116125e-02
9.076446e+06,5.100194e-02
9.245531e+06,5.083329e-02
9.417766e+06,5.067447e-02
9.593209e+06,5.051465e-02
9.771921e+06,5.035286e-02
9.953962e+06,5.018811e-02
1.013939e+07,5.002102e-02
1.032828e+07,4.985577e-02
1.052069e+07,4.968879e-02
1.071668e+07,4.952582e-02
1.091632e+07,4.935970e-02
1.111968e+07,4.918525e-02
1.132683e+07,4.901896e-02
1.153783e+07,4.885167e-02
1.175277e+07,4.867980e-02
1.197171e+07,4.850611e-02
1.219473e+07,4.833340e-02
1.242191e+07,4.815457e-02
1.265332e+07,4.797137e-02
1.288904e+07,4.778768e-02
1.312915e+07,4.760220e-02
1.337373e+07,4.741137e-02
1.362287e+07,4.721427e-02
1.387665e+07,4.701370e-02
1.413516e+07,4.680892e-02
1.439848e+07,4.659563e-02
1.466671e+07,4.637156e-02
1.493993e+07,4.615356e-02
1.521825e+07,4.592098e-02
1.550175e+07,4.567700e-02
1.579053e+07,4.542330e-02
1.608469e+07,4.515998e-02
1.638434e+07,4.488987e-02
1.668956e+07,4.460773e-02
1.700047e+07,4.431243e-02
1.731717e+07,4.400493e-02
1.763977e+07,4.368699e-02
1.796838e+07,4.335622e-02
1.830312e+07,4.301137e-02
1.864409e+07,4.265043e-02
1.899141e+07,4.227508e-02
1.934520e+07,4.188900e-02
1.970558e+07,4.148637e-02
2.007267e+07,4.107247e-02
2.044661e+07,4.064635e-02
2.082751e+07,4.020542e-02
2.121550e+07,3.974729e-02
2.161073e+07,3.927867e-02
2.201331e+07,3.879662e-02
2.242340e+07,3.830182e-02
2.284112e+07,3.779369e-02
2.326663e+07,3.727079e-02
2.370006e+07,3.674109e-02
2.414157e+07,3.620135e-02
2.459130e+07,3.565156e-02
2.504942e+07,3.509278e-02
2.551606e+07,3.452662e-02
2.599140e+07,3.395352e-02
2.647559e+07,3.337063e-02
2.696881e+07,3.278185e-02
2.747121e+07,3.218971e-02
2.798297e+07,3.159330e-02
2.850426e+07,3.099037e-02
2.903527e+07,3.038405e-02
2.957617e+07,2.977652e-02
3.012714e+07,2.916936e-02
3.068838e+07,2.856345e-02
3.126007e+07,2.796119e-02
3.184242e+07,2.735488e-02
3.243561e+07,2.674889e-02
3.303985e+07,2.614689e-02
3.365535e+07,2.554710e-02
3.428231e+07,2.495157e-02
3.492096e+07,2.436009e-02
3.557150e+07,2.377368e-02
3.623416e+07,2.319310e-02
3.690917e+07,2.261819e-02
3.759675e+07,2.204679e-02
3.829714e+07,2.148610e-02
3.901058e+07,2.093145e-02
3.973730e+07,2.038096e-02
4.047757e+07,1.984396e-02
4.123163e+07,1.931230e-02
4.199973e+07,1.879008e-02
4.278214e+07,1.827572e-02
4.357913e+07,1.776839e-02
4.439097e+07,1.727248e-02
4.521792e+07,1.678268e-02
4.606029e+07,1.630476e-02
4.691835e+07,1.583710e-02
4.779239e+07,1.537741e-02
4.868271e+07,1.492801e-02
4.958962e+07,1.448722e-02
5.051342e+07,1.405766e-02
5.145444e+07,1.363840e-02
5.241298e+07,1.322817e-02
5.338938e+07,1.282885e-02
5.438397e+07,1.243761e-02
5.539709e+07,1.205528e-02
5.642908e+07,1.168252e-02
5.748030e+07,1.131975e-02
5.855110e+07,1.096748e-02
5.964185e+07,1.062109e-02
6.075292e+07,1.028556e-02
6.188468e+07,9.959342e-03
6.303753e+07,9.639616e-03
6.421186e+07,9.330592e-03
6.540806e+07,9.031267e-03
6.662655e+07,8.738675e-03
6.786773e+07,8.454090e-03
6.913204e+07,8.179421e-03
7.041990e+07,7.909601e-03
7.173175e+07,7.649417e-03
7.306804e+07,7.398675e-03
7.442922e+07,7.155283e-03
7.581576e+07,6.917131e-03
7.722814e+07,6.686358e-03
7.866682e+07,6.462303e-03
8.013230e+07,6.246297e-03
8.162509e+07,6.037167e-03
8.314568e+07,5.832877e-03
8.469460e+07,5.636139e-03
8.627237e+07,5.444494e-03
8.787954e+07,5.259790e-03
8.951665e+07,5.081004e-03
9.118425e+07,4.905822e-03
9.288292e+07,4.738789e-03
9.461324e+07,4.576612e-03
9.637579e+07,4.420587e-03
9.817117e+07,4.269931e-03
1.000000e+08,4.122197e-03
