#fa/C,dNeff
3.162278e+04,3.202081e-01
3.228628e+04,3.197605e-01
3.296371e+04,3.192986e-01
3.365535e+04,3.188235e-01
3.436150e+04,3.183369e-01
3.508247e+04,3.178401e-01
3.581857e+04,3.173345e-01
3.657011e+04,3.168216e-01
3.733742e+04,3.163027e-01
3.812083e+04,3.157792e-01
3.892067e+04,3.152525e-01
3.973730e+04,3.147239e-01
4.057107e+04,3.141949e-01
4.142232e+04,3.136667e-01
4.229144e+04,3.131408e-01
4.317880e+04,3.126183e-01
4.408477e+04,3.121008e-01
4.500975e+04,3.115894e-01
4.595414e+04,3.110855e-01
4.691835e+04,3.105904e-01
4.790278e+04,3.101054e-01
4.890787e+04,3.096318e-01
4.993405e+04,3.091708e-01
5.098176e+04,3.087236e-01
5.205145e+04,3.082917e-01
5.314359e+04,3.078762e-01
5.425864e+04,3.074783e-01
5.539709e+04,3.070994e-01
5.655943e+04,3.067407e-01
5.774615e+04,3.064034e-01
5.895777e+04,3.060887e-01
6.019482e+04,3.058015e-01
6.145782e+04,3.055403e-01
6.274732e+04,3.052972e-01
6.406388e+04,3.050646e-01
6.540806e+04,3.048347e-01
6.678044e+04,3.045999e-01
6.818162e+04,3.043526e-01
6.961220e+04,3.040847e-01
7.107280e+04,3.037571e-01
7.256404e+04,3.033696e-01
7.408657e+04,3.029556e-01
7.564104e+04,3.025484e-01
7.722814e+04,3.021811e-01
7.884853e+04,3.018864e-01
8.050292e+04,3.016973e-01
8.219202e+04,3.016446e-01
8.391656e+04,3.016699e-01
8.567729e+04,3.017283e-01
8.747496e+04,3.018146e-01
8.931035e+04,3.019231e-01
9.118425e+04,3.020486e-01
9.309747e+04,3.021856e-01
9.505083e+04,3.023285e-01
9.704518e+04,3.024759e-01
9.908137e+04,3.026965e-01
1.011603e+05,3.029921e-01
1.032828e+05,3.033285e-01
1.054499e+05,3.036714e-01
1.076624e+05,3.039864e-01
1.099214e+05,3.042390e-01
1.122277e+05,3.043945e-01
1.145825e+05,3.044220e-01
1.169866e+05,3.043466e-01
1.194412e+05,3.041915e-01
1.219473e+05,3.039692e-01
1.245060e+05,3.036922e-01
1.271184e+05,3.033730e-01
1.297856e+05,3.030240e-01
1.325087e+05,3.026576e-01
1.352890e+05,3.022663e-01
1.381276e+05,3.017037e-01
1.410258e+05,3.009844e-01
1.439848e+05,3.001659e-01
1.470059e+05,2.993052e-01
1.500903e+05,2.984586e-01
1.532395e+05,2.976819e-01
1.564548e+05,2.970304e-01
1.597375e+05,2.965325e-01
1.630891e+05,2.960652e-01
1.665110e+05,2.956144e-01
1.700047e+05,2.951922e-01
1.735717e+05,2.948106e-01
1.772136e+05,2.944817e-01
1.809319e+05,2.942172e-01
1.847281e+05,2.940293e-01
1.886041e+05,2.939188e-01
1.925614e+05,2.938403e-01
1.966017e+05,2.937808e-01
2.007267e+05,2.937329e-01
2.049384e+05,2.936891e-01
2.092383e+05,2.936421e-01
2.136286e+05,2.935844e-01
2.181109e+05,2.935087e-01
2.226873e+05,2.933965e-01
2.273597e+05,2.932161e-01
2.321301e+05,2.929859e-01
2.370006e+05,2.927280e-01
2.419733e+05,2.924645e-01
2.470504e+05,2.922173e-01
2.522340e+05,2.920085e-01
2.575263e+05,2.918598e-01
2.629297e+05,2.917753e-01
2.684465e+05,2.917157e-01
2.740790e+05,2.916711e-01
2.798297e+05,2.916340e-01
2.857010e+05,2.915967e-01
2.916956e+05,2.915515e-01
2.978159e+05,2.914909e-01
3.040646e+05,2.914072e-01
3.104445e+05,2.911815e-01
3.169582e+05,2.906407e-01
3.236086e+05,2.898753e-01
3.303985e+05,2.889819e-01
3.373309e+05,2.880564e-01
3.444087e+05,2.871937e-01
3.516351e+05,2.864872e-01
3.590130e+05,2.860300e-01
3.665458e+05,2.857893e-01
3.742366e+05,2.856029e-01
3.820888e+05,2.854536e-01
3.901058e+05,2.853256e-01
3.982909e+05,2.852032e-01
4.066478e+05,2.850709e-01
4.151800e+05,2.849130e-01
4.238913e+05,2.847139e-01
4.327853e+05,2.844694e-01
4.418660e+05,2.841870e-01
4.511372e+05,2.838675e-01
4.606029e+05,2.835119e-01
4.702672e+05,2.831211e-01
4.801343e+05,2.826959e-01
4.902084e+05,2.822373e-01
5.004939e+05,2.817444e-01
5.109952e+05,2.810521e-01
5.217169e+05,2.813214e-01
5.326635e+05,2.826799e-01
5.438397e+05,2.805932e-01
5.552505e+05,2.793559e-01
5.669007e+05,2.791016e-01
5.787954e+05,2.788058e-01
5.909396e+05,2.784934e-01
6.033386e+05,2.779532e-01
6.159978e+05,2.784409e-01
6.289226e+05,2.784443e-01
6.421186e+05,2.775264e-01
6.555914e+05,2.768753e-01
6.693470e+05,2.764472e-01
6.833911e+05,2.762059e-01
6.977300e+05,2.758360e-01
7.123697e+05,2.755223e-01
7.273165e+05,2.754737e-01
7.425770e+05,2.749537e-01
7.581576e+05,2.743611e-01
7.740652e+05,2.740895e-01
7.903066e+05,2.738326e-01
8.068887e+05,2.734427e-01
8.238187e+05,2.732003e-01
8.411040e+05,2.730053e-01
8.587519e+05,2.727376e-01
8.767702e+05,2.722664e-01
8.951665e+05,2.718133e-01
9.139488e+05,2.717651e-01
9.331251e+05,2.710383e-01
9.527038e+05,2.710216e-01
9.726934e+05,2.704207e-01
9.931023e+05,2.697804e-01
1.013939e+06,2.693595e-01
1.035214e+06,2.690348e-01
1.056935e+06,2.688489e-01
1.079111e+06,2.685675e-01
1.101753e+06,2.679735e-01
1.124870e+06,2.682205e-01
1.148472e+06,2.674284e-01
1.172569e+06,2.670235e-01
1.197171e+06,2.665055e-01
1.222290e+06,2.660892e-01
1.247936e+06,2.655531e-01
1.274120e+06,2.654163e-01
1.300854e+06,2.652616e-01
1.328148e+06,2.646163e-01
1.356015e+06,2.641752e-01
1.384467e+06,2.635964e-01
1.413516e+06,2.633469e-01
1.443174e+06,2.629206e-01
1.473454e+06,2.622249e-01
1.504370e+06,2.623298e-01
1.535935e+06,2.618240e-01
1.568161e+06,2.612775e-01
1.601064e+06,2.609960e-01
1.634658e+06,2.604936e-01
1.668956e+06,2.602217e-01
1.703974e+06,2.601820e-01
1.739726e+06,2.592588e-01
1.776229e+06,2.587028e-01
1.813498e+06,2.579799e-01
1.851548e+06,2.578027e-01
1.890397e+06,2.573988e-01
1.930061e+06,2.567893e-01
1.970558e+06,2.561491e-01
2.011904e+06,2.557011e-01
2.054117e+06,2.557691e-01
2.097217e+06,2.551592e-01
2.141220e+06,2.544588e-01
2.186147e+06,2.537755e-01
2.232016e+06,2.531720e-01
2.278848e+06,2.531169e-01
2.326663e+06,2.528559e-01
2.375481e+06,2.522553e-01
2.425323e+06,2.517781e-01
2.476211e+06,2.513072e-01
2.528166e+06,2.506264e-01
2.581212e+06,2.500130e-01
2.635371e+06,2.492395e-01
2.690666e+06,2.489312e-01
2.747121e+06,2.483320e-01
2.804761e+06,2.478264e-01
2.863610e+06,2.475004e-01
2.923694e+06,2.470703e-01
2.985038e+06,2.464424e-01
3.047670e+06,2.460293e-01
3.111616e+06,2.458464e-01
3.176903e+06,2.451990e-01
3.243561e+06,2.440823e-01
3.311617e+06,2.437888e-01
3.381101e+06,2.429412e-01
3.452043e+06,2.427301e-01
3.524473e+06,2.423599e-01
3.598423e+06,2.415717e-01
3.673925e+06,2.407991e-01
3.751011e+06,2.401012e-01
3.829714e+06,2.397155e-01
3.910069e+06,2.391693e-01
3.992109e+06,2.383603e-01
4.075871e+06,2.377233e-01
4.161391e+06,2.371591e-01
4.248704e+06,2.363337e-01
4.337850e+06,2.362403e-01
4.428866e+06,2.359155e-01
4.521792e+06,2.348574e-01
4.616668e+06,2.345419e-01
4.713535e+06,2.341716e-01
4.812433e+06,2.328768e-01
4.913407e+06,2.323558e-01
5.016500e+06,2.317414e-01
5.121755e+06,2.309419e-01
5.229220e+06,2.304364e-01
5.338938e+06,2.298398e-01
5.450959e+06,2.292160e-01
5.565331e+06,2.287150e-01
5.682102e+06,2.280711e-01
5.801323e+06,2.274968e-01
5.923046e+06,2.267651e-01
6.047322e+06,2.261351e-01
6.174207e+06,2.251591e-01
6.303753e+06,2.242134e-01
6.436018e+06,2.237507e-01
6.571058e+06,2.231709e-01
6.708931e+06,2.226744e-01
6.849697e+06,2.223328e-01
6.993416e+06,2.212535e-01
7.140151e+06,2.201598e-01
7.289965e+06,2.202141e-01
7.442922e+06,2.187517e-01
7.599089e+06,2.186327e-01
7.758532e+06,2.179498e-01
7.921321e+06,2.167839e-01
8.087525e+06,2.158728e-01
8.257216e+06,2.151688e-01
8.430468e+06,2.144095e-01
8.607355e+06,2.136265e-01
8.787954e+06,2.131313e-01
8.972342e+06,2.123606e-01
9.160598e+06,2.115046e-01
9.352805e+06,2.108086e-01
9.549045e+06,2.100671e-01
9.749402e+06,2.095824e-01
9.953962e+06,2.087409e-01
1.016282e+07,2.076154e-01
1.037605e+07,2.069194e-01
1.059376e+07,2.061327e-01
1.081604e+07,2.053475e-01
1.104298e+07,2.044734e-01
1.127468e+07,2.034785e-01
1.151124e+07,2.027376e-01
1.175277e+07,2.019561e-01
1.199937e+07,2.010623e-01
1.225114e+07,2.003907e-01
1.250819e+07,1.996310e-01
1.277063e+07,1.984935e-01
1.303858e+07,1.977759e-01
1.331216e+07,1.967413e-01
1.359147e+07,1.958177e-01
1.387665e+07,1.950417e-01
1.416781e+07,1.942535e-01
1.446507e+07,1.932932e-01
1.476858e+07,1.925750e-01
1.507845e+07,1.918719e-01
1.539482e+07,1.909135e-01
1.571784e+07,1.899067e-01
1.604763e+07,1.890133e-01
1.638434e+07,1.880360e-01
1.672811e+07,1.873432e-01
1.707910e+07,1.865423e-01
1.743745e+07,1.853952e-01
1.780332e+07,1.846236e-01
1.817687e+07,1.837999e-01
1.855825e+07,1.828651e-01
1.894764e+07,1.819495e-01
1.934520e+07,1.809575e-01
1.975110e+07,1.800092e-01
2.016551e+07,1.790735e-01
2.058862e+07,1.782278e-01
2.102061e+07,1.770969e-01
2.146166e+07,1.761344e-01
2.191197e+07,1.751922e-01
2.237172e+07,1.742146e-01
2.284112e+07,1.733207e-01
2.332037e+07,1.724600e-01
2.380968e+07,1.714308e-01
2.430925e+07,1.703351e-01
2.481930e+07,1.694387e-01
2.534006e+07,1.686559e-01
2.587174e+07,1.673995e-01
2.641458e+07,1.662889e-01
2.696881e+07,1.656731e-01
2.753466e+07,1.645872e-01
2.811239e+07,1.631615e-01
2.870224e+07,1.622340e-01
2.930447e+07,1.614413e-01
2.991933e+07,1.605381e-01
3.054710e+07,1.591701e-01
3.118803e+07,1.580445e-01
3.184242e+07,1.569524e-01
3.251053e+07,1.564209e-01
3.319266e+07,1.554980e-01
3.388911e+07,1.543705e-01
3.460016e+07,1.533189e-01
3.532614e+07,1.522234e-01
3.606735e+07,1.511711e-01
3.682411e+07,1.500422e-01
3.759675e+07,1.491847e-01
3.838560e+07,1.480527e-01
3.919100e+07,1.469977e-01
4.001330e+07,1.460126e-01
4.085286e+07,1.448774e-01
4.171003e+07,1.438535e-01
4.258518e+07,1.429480e-01
4.347870e+07,1.417468e-01
4.439097e+07,1.403802e-01
4.532237e+07,1.398790e-01
4.627332e+07,1.388770e-01
4.724422e+07,1.382133e-01
4.823549e+07,1.370757e-01
4.924757e+07,1.358273e-01
5.028087e+07,1.345701e-01
5.133586e+07,1.336799e-01
5.241298e+07,1.327682e-01
5.351271e+07,1.315856e-01
5.463550e+07,1.307683e-01
5.578186e+07,1.295930e-01
5.695227e+07,1.283525e-01
5.814723e+07,1.274309e-01
5.936727e+07,1.265687e-01
6.061291e+07,1.252687e-01
6.188468e+07,1.243758e-01
6.318314e+07,1.235652e-01
6.450884e+07,1.225274e-01
6.586236e+07,1.215069e-01
6.724427e+07,1.205415e-01
6.865519e+07,1.196103e-01
7.009570e+07,1.179698e-01
7.156644e+07,1.173449e-01
7.306804e+07,1.164155e-01
7.460114e+07,1.154120e-01
7.616642e+07,1.142944e-01
7.776453e+07,1.129769e-01
7.939618e+07,1.120067e-01
8.106206e+07,1.112803e-01
8.276289e+07,1.098746e-01
8.449942e+07,1.093347e-01
8.627237e+07,1.083314e-01
8.808253e+07,1.068023e-01
8.993067e+07,1.062345e-01
9.181758e+07,1.052268e-01
9.374409e+07,1.037381e-01
9.571102e+07,1.027680e-01
9.771921e+07,1.020766e-01
9.976955e+07,1.008498e-01
1.018629e+08,9.918987e-02
1.040002e+08,9.818220e-02
1.061823e+08,9.743212e-02
1.084102e+08,9.610490e-02
1.106848e+08,9.469540e-02
1.130072e+08,9.351830e-02
1.153783e+08,9.264494e-02
1.177992e+08,9.151557e-02
1.202708e+08,9.010280e-02
1.227943e+08,8.892465e-02
1.253708e+08,8.733305e-02
1.280013e+08,8.634341e-02
1.306870e+08,8.497643e-02
1.334291e+08,8.342804e-02
1.362287e+08,8.197229e-02
1.390870e+08,8.087125e-02
1.420053e+08,7.962176e-02
1.449849e+08,7.813610e-02
1.480269e+08,7.669119e-02
1.511328e+08,7.519518e-02
1.543038e+08,7.346280e-02
1.575414e+08,7.204120e-02
1.608469e+08,7.086596e-02
1.642218e+08,6.953812e-02
1.676675e+08,6.775673e-02
1.711855e+08,6.632986e-02
1.747773e+08,6.502020e-02
1.784444e+08,6.351032e-02
1.821885e+08,6.186842e-02
1.860112e+08,6.028817e-02
1.899141e+08,5.882508e-02
1.938988e+08,5.738959e-02
1.979672e+08,5.602708e-02
2.021209e+08,5.462295e-02
2.063618e+08,5.309341e-02
2.106916e+08,5.177274e-02
2.151123e+08,5.030165e-02
2.196258e+08,4.886397e-02
2.242340e+08,4.764754e-02
2.289388e+08,4.625609e-02
2.337424e+08,4.499130e-02
2.386467e+08,4.360595e-02
2.436540e+08,4.233475e-02
2.487663e+08,4.107135e-02
2.539859e+08,3.970270e-02
2.593150e+08,3.853723e-02
2.647559e+08,3.741088e-02
2.703110e+08,3.615588e-02
2.759826e+08,3.497905e-02
2.817733e+08,3.401943e-02
2.876854e+08,3.285854e-02
2.937216e+08,3.174603e-02
2.998844e+08,3.072620e-02
3.061766e+08,2.970473e-02
3.126007e+08,2.871174e-02
3.191597e+08,2.769202e-02
3.258562e+08,2.675117e-02
3.326933e+08,2.588350e-02
3.396739e+08,2.496360e-02
3.468009e+08,2.402615e-02
3.540774e+08,2.326506e-02
3.615066e+08,2.244160e-02
3.690917e+08,2.165036e-02
3.768359e+08,2.093055e-02
3.847427e+08,2.016970e-02
3.928153e+08,1.942230e-02
4.010573e+08,1.868679e-02
4.094722e+08,1.799558e-02
4.180637e+08,1.737256e-02
4.268355e+08,1.672424e-02
4.357913e+08,1.605554e-02
4.449350e+08,1.547933e-02
4.542706e+08,1.493580e-02
4.638021e+08,1.435595e-02
4.735335e+08,1.383982e-02
4.834691e+08,1.331048e-02
4.936132e+08,1.278473e-02
5.039701e+08,1.231782e-02
5.145444e+08,1.187430e-02
5.253405e+08,1.140295e-02
5.363631e+08,1.099112e-02
5.476170e+08,1.057088e-02
5.591071e+08,1.016557e-02
5.708382e+08,9.800957e-03
5.828155e+08,9.421993e-03
5.950440e+08,9.030893e-03
6.075292e+08,8.675177e-03
6.202763e+08,8.352695e-03
6.332908e+08,8.023147e-03
6.465785e+08,7.693904e-03
6.601449e+08,7.398043e-03
6.739960e+08,7.123732e-03
6.881377e+08,6.822408e-03
7.025761e+08,6.572723e-03
7.173175e+08,6.311076e-03
7.323682e+08,6.063856e-03
7.477346e+08,5.834385e-03
7.634235e+08,5.600198e-03
7.794416e+08,5.371146e-03
7.957957e+08,5.170291e-03
8.124930e+08,4.965722e-03
8.295407e+08,4.753061e-03
8.469460e+08,4.563196e-03
8.647165e+08,4.387844e-03
8.828599e+08,4.221893e-03
9.013839e+08,4.050769e-03
9.202967e+08,3.889234e-03
9.396062e+08,3.737442e-03
9.593209e+08,3.576930e-03
9.794493e+08,3.436543e-03
1.000000e+09,3.303781e-03
