#fa/C	ma
1.000000e+06	2.676565e+00
1.009272e+06	2.708992e+00
1.018629e+06	2.741812e+00
1.028073e+06	2.775328e+00
1.037605e+06	2.809566e+00
1.047225e+06	2.844226e+00
1.056935e+06	2.879962e+00
1.066734e+06	2.916158e+00
1.076624e+06	2.953137e+00
1.086606e+06	2.990949e+00
1.096681e+06	3.029246e+00
1.106848e+06	3.068701e+00
1.117111e+06	3.108691e+00
1.127468e+06	3.149445e+00
1.137921e+06	3.191021e+00
1.148472e+06	3.233145e+00
1.159120e+06	3.276557e+00
1.169866e+06	3.320587e+00
1.180713e+06	3.365553e+00
1.191660e+06	3.411560e+00
1.202708e+06	3.458196e+00
1.213859e+06	3.506163e+00
1.225114e+06	3.554840e+00
1.236472e+06	3.604424e+00
1.247936e+06	3.655006e+00
1.259506e+06	3.706298e+00
1.271184e+06	3.758889e+00
1.282970e+06	3.812273e+00
1.294865e+06	3.866767e+00
1.306870e+06	3.922535e+00
1.318987e+06	3.979108e+00
1.331216e+06	4.036999e+00
1.343558e+06	4.095783e+00
1.356015e+06	4.155735e+00
1.368587e+06	4.217033e+00
1.381276e+06	4.279236e+00
1.394083e+06	4.342891e+00
1.407008e+06	4.407556e+00
1.420053e+06	4.473449e+00
1.433219e+06	4.540753e+00
1.446507e+06	4.609070e+00
1.459919e+06	4.678977e+00
1.473454e+06	4.750021e+00
1.487115e+06	4.822535e+00
1.500903e+06	4.896825e+00
1.514819e+06	4.972260e+00
1.528864e+06	5.049193e+00
1.543038e+06	5.127371e+00
1.557345e+06	5.206961e+00
1.571784e+06	5.288154e+00
1.586357e+06	5.370614e+00
1.601064e+06	5.454920e+00
1.615909e+06	5.540649e+00
1.630891e+06	5.628061e+00
1.646012e+06	5.717508e+00
1.661273e+06	5.808376e+00
1.676675e+06	5.900931e+00
1.692220e+06	5.995011e+00
1.707910e+06	6.090975e+00
1.723745e+06	6.189281e+00
1.739726e+06	6.289174e+00
1.755856e+06	6.391152e+00
1.772136e+06	6.494890e+00
1.788566e+06	6.600370e+00
1.805149e+06	6.707692e+00
1.821885e+06	6.816758e+00
1.838777e+06	6.928532e+00
1.855825e+06	7.042369e+00
1.873032e+06	7.158155e+00
1.890397e+06	7.276034e+00
1.907924e+06	7.395853e+00
1.925614e+06	7.518260e+00
1.943467e+06	7.642859e+00
1.961486e+06	7.769808e+00
1.979672e+06	7.899602e+00
1.998026e+06	8.031564e+00
2.016551e+06	8.166131e+00
2.035248e+06	8.303071e+00
2.054117e+06	8.442519e+00
2.073162e+06	8.584900e+00
2.092383e+06	8.729683e+00
2.111783e+06	8.876975e+00
2.131362e+06	9.026774e+00
2.151123e+06	9.179445e+00
2.171068e+06	9.335743e+00
2.191197e+06	9.494701e+00
2.211512e+06	9.656776e+00
2.232016e+06	9.821760e+00
2.252711e+06	9.989724e+00
2.273597e+06	1.016109e+01
2.294676e+06	1.033539e+01
2.315951e+06	1.051249e+01
2.337424e+06	1.069257e+01
2.359095e+06	1.087626e+01
2.380968e+06	1.106504e+01
2.403043e+06	1.125710e+01
2.425323e+06	1.145223e+01
2.447809e+06	1.165063e+01
2.470504e+06	1.185257e+01
2.493409e+06	1.205845e+01
2.516527e+06	1.226790e+01
2.539859e+06	1.248097e+01
2.563407e+06	1.269774e+01
2.587174e+06	1.291878e+01
2.611161e+06	1.314588e+01
2.635371e+06	1.337696e+01
2.659804e+06	1.361146e+01
2.684465e+06	1.384977e+01
2.709354e+06	1.409250e+01
2.734474e+06	1.434066e+01
2.759826e+06	1.459318e+01
2.785414e+06	1.484996e+01
2.811239e+06	1.511117e+01
2.837304e+06	1.537724e+01
2.863610e+06	1.564942e+01
2.890160e+06	1.592642e+01
2.916956e+06	1.620881e+01
2.944000e+06	1.649647e+01
2.971296e+06	1.678929e+01
2.998844e+06	1.708768e+01
3.026648e+06	1.739138e+01
3.054710e+06	1.770045e+01
3.083031e+06	1.801500e+01
3.111616e+06	1.833523e+01
3.140465e+06	1.866170e+01
3.169582e+06	1.899398e+01
3.198969e+06	1.933289e+01
3.228628e+06	1.967830e+01
3.258562e+06	2.002995e+01
3.288774e+06	2.038850e+01
3.319266e+06	2.075346e+01
3.350041e+06	2.112656e+01
3.381101e+06	2.150740e+01
3.412449e+06	2.189490e+01
3.444087e+06	2.228747e+01
3.476019e+06	2.268707e+01
3.508247e+06	2.309588e+01
3.540774e+06	2.351348e+01
3.573602e+06	2.393818e+01
3.606735e+06	2.436579e+01
3.640175e+06	2.480104e+01
3.673925e+06	2.524723e+01
3.707988e+06	2.570381e+01
3.742366e+06	2.616852e+01
3.777064e+06	2.664000e+01
3.812083e+06	2.711997e+01
3.847427e+06	2.761101e+01
3.883098e+06	2.811283e+01
3.919100e+06	2.862374e+01
3.955436e+06	2.914322e+01
3.992109e+06	2.967212e+01
4.029122e+06	3.021233e+01
4.066478e+06	3.076380e+01
4.104181e+06	3.132504e+01
4.142232e+06	3.188916e+01
4.180637e+06	3.246343e+01
4.219398e+06	3.305102e+01
4.258518e+06	3.365190e+01
4.298001e+06	3.426371e+01
4.337850e+06	3.488717e+01
4.378069e+06	3.552198e+01
4.418660e+06	3.616901e+01
4.459628e+06	3.682847e+01
4.500975e+06	3.750002e+01
4.542706e+06	3.819057e+01
4.584824e+06	3.889384e+01
4.627332e+06	3.960485e+01
4.670234e+06	4.032361e+01
4.713535e+06	4.105540e+01
4.757236e+06	4.180878e+01
4.801343e+06	4.257603e+01
4.845859e+06	4.335617e+01
4.890787e+06	4.414931e+01
4.936132e+06	4.495696e+01
4.981898e+06	4.577444e+01
5.028087e+06	4.660667e+01
5.074705e+06	4.746125e+01
5.121755e+06	4.833968e+01
5.169242e+06	4.923438e+01
5.217169e+06	5.013655e+01
5.265540e+06	5.105491e+01
5.314359e+06	5.198793e+01
5.363631e+06	5.293538e+01
5.413360e+06	5.390009e+01
5.463550e+06	5.489849e+01
5.514206e+06	5.591624e+01
5.565331e+06	5.695579e+01
5.616930e+06	5.801843e+01
5.669007e+06	5.910090e+01
5.721568e+06	6.016713e+01
5.774615e+06	6.125000e+01
5.828155e+06	6.236160e+01
5.882190e+06	6.350599e+01
5.936727e+06	6.467139e+01
5.991770e+06	6.586108e+01
6.047322e+06	6.707291e+01
6.103390e+06	6.830834e+01
6.159978e+06	6.956840e+01
6.217090e+06	7.085170e+01
6.274732e+06	7.215455e+01
6.332908e+06	7.348092e+01
6.391624e+06	7.483208e+01
6.450884e+06	7.620870e+01
6.510694e+06	7.761064e+01
6.571058e+06	7.903866e+01
6.631981e+06	8.049299e+01
6.693470e+06	8.197191e+01
6.755528e+06	8.347442e+01
6.818162e+06	8.500447e+01
6.881377e+06	8.660662e+01
6.945178e+06	8.824542e+01
7.009570e+06	8.989835e+01
7.074559e+06	9.155257e+01
7.140151e+06	9.323723e+01
7.206351e+06	9.496821e+01
7.273165e+06	9.673388e+01
7.340598e+06	9.852171e+01
7.408657e+06	1.003226e+02
7.477346e+06	1.021564e+02
7.546673e+06	1.040422e+02
7.616642e+06	1.059664e+02
7.687260e+06	1.079431e+02
7.758532e+06	1.099909e+02
7.830465e+06	1.120775e+02
7.903066e+06	1.141627e+02
7.976339e+06	1.162780e+02
8.050292e+06	1.184120e+02
8.124930e+06	1.205409e+02
8.200261e+06	1.227081e+02
8.276289e+06	1.249731e+02
8.353023e+06	1.272935e+02
8.430468e+06	1.296570e+02
8.508632e+06	1.320643e+02
8.587519e+06	1.345164e+02
8.667139e+06	1.370038e+02
8.747496e+06	1.395345e+02
8.828599e+06	1.421380e+02
8.910453e+06	1.448545e+02
8.993067e+06	1.476229e+02
9.076446e+06	1.503294e+02
9.160598e+06	1.530533e+02
9.245531e+06	1.558517e+02
9.331251e+06	1.587686e+02
9.417766e+06	1.617401e+02
9.505083e+06	1.647020e+02
9.593209e+06	1.676981e+02
9.682153e+06	1.707925e+02
9.771921e+06	1.740700e+02
9.862522e+06	1.774105e+02
9.953962e+06	1.806300e+02
1.004625e+07	1.838465e+02
1.013939e+07	1.871823e+02
1.023340e+07	1.907723e+02
1.032828e+07	1.944312e+02
1.042404e+07	1.980602e+02
