#fa/C	ma
1.000000e+06	1.960559e+00
1.009272e+06	1.962384e+00
1.018629e+06	1.964212e+00
1.028073e+06	1.966073e+00
1.037605e+06	1.967970e+00
1.047225e+06	1.969869e+00
1.056935e+06	1.971768e+00
1.066734e+06	1.973668e+00
1.076624e+06	1.975572e+00
1.086606e+06	1.977479e+00
1.096681e+06	1.979388e+00
1.106848e+06	1.981332e+00
1.117111e+06	1.983278e+00
1.127468e+06	1.985240e+00
1.137921e+06	1.987219e+00
1.148472e+06	1.989200e+00
1.159120e+06	1.991199e+00
1.169866e+06	1.993202e+00
1.180713e+06	1.995213e+00
1.191660e+06	1.997236e+00
1.202708e+06	1.999260e+00
1.213859e+06	2.001308e+00
1.225114e+06	2.003360e+00
1.236472e+06	2.005422e+00
1.247936e+06	2.007496e+00
1.259506e+06	2.009573e+00
1.271184e+06	2.011701e+00
1.282970e+06	2.013836e+00
1.294865e+06	2.015964e+00
1.306870e+06	2.018081e+00
1.318987e+06	2.020201e+00
1.331216e+06	2.022339e+00
1.343558e+06	2.024481e+00
1.356015e+06	2.026644e+00
1.368587e+06	2.028838e+00
1.381276e+06	2.031033e+00
1.394083e+06	2.033248e+00
1.407008e+06	2.035466e+00
1.420053e+06	2.037693e+00
1.433219e+06	2.039932e+00
1.446507e+06	2.042173e+00
1.459919e+06	2.044455e+00
1.473454e+06	2.046745e+00
1.487115e+06	2.049039e+00
1.500903e+06	2.051340e+00
1.514819e+06	2.053642e+00
1.528864e+06	2.055986e+00
1.543038e+06	2.058339e+00
1.557345e+06	2.060701e+00
1.571784e+06	2.063080e+00
1.586357e+06	2.065461e+00
1.601064e+06	2.067872e+00
1.615909e+06	2.070292e+00
1.630891e+06	2.072719e+00
1.646012e+06	2.075158e+00
1.661273e+06	2.077600e+00
1.676675e+06	2.080079e+00
1.692220e+06	2.082569e+00
1.707910e+06	2.085067e+00
1.723745e+06	2.087580e+00
1.739726e+06	2.090096e+00
1.755856e+06	2.092662e+00
1.772136e+06	2.095243e+00
1.788566e+06	2.097834e+00
1.805149e+06	2.100447e+00
1.821885e+06	2.103063e+00
1.838777e+06	2.105704e+00
1.855825e+06	2.108355e+00
1.873032e+06	2.111020e+00
1.890397e+06	2.113718e+00
1.907924e+06	2.116419e+00
1.925614e+06	2.119152e+00
1.943467e+06	2.121896e+00
1.961486e+06	2.124653e+00
1.979672e+06	2.127435e+00
1.998026e+06	2.130222e+00
2.016551e+06	2.133062e+00
2.035248e+06	2.135922e+00
2.054117e+06	2.138790e+00
2.073162e+06	2.141676e+00
2.092383e+06	2.144566e+00
2.111783e+06	2.147509e+00
2.131362e+06	2.150472e+00
2.151123e+06	2.153455e+00
2.171068e+06	2.156487e+00
2.191197e+06	2.159522e+00
2.211512e+06	2.162605e+00
2.232016e+06	2.165706e+00
2.252711e+06	2.168835e+00
2.273597e+06	2.172047e+00
2.294676e+06	2.175263e+00
2.315951e+06	2.178477e+00
2.337424e+06	2.181693e+00
2.359095e+06	2.184933e+00
2.380968e+06	2.188245e+00
2.403043e+06	2.191562e+00
2.425323e+06	2.194959e+00
2.447809e+06	2.198390e+00
2.470504e+06	2.201844e+00
2.493409e+06	2.205372e+00
2.516527e+06	2.208905e+00
2.539859e+06	2.212518e+00
2.563407e+06	2.216169e+00
2.587174e+06	2.219838e+00
2.611161e+06	2.223564e+00
2.635371e+06	2.227296e+00
2.659804e+06	2.231131e+00
2.684465e+06	2.235018e+00
2.709354e+06	2.238932e+00
2.734474e+06	2.242955e+00
2.759826e+06	2.246985e+00
2.785414e+06	2.251093e+00
2.811239e+06	2.255245e+00
2.837304e+06	2.259427e+00
2.863610e+06	2.263741e+00
2.890160e+06	2.268064e+00
2.916956e+06	2.272519e+00
2.944000e+06	2.277050e+00
2.971296e+06	2.281611e+00
2.998844e+06	2.286308e+00
3.026648e+06	2.291014e+00
3.054710e+06	2.295819e+00
3.083031e+06	2.300686e+00
3.111616e+06	2.305586e+00
3.140465e+06	2.310653e+00
3.169582e+06	2.315730e+00
3.198969e+06	2.321018e+00
3.228628e+06	2.326438e+00
3.258562e+06	2.331897e+00
3.288774e+06	2.337569e+00
3.319266e+06	2.343254e+00
3.350041e+06	2.349064e+00
3.381101e+06	2.354958e+00
3.412449e+06	2.360899e+00
3.444087e+06	2.367140e+00
3.476019e+06	2.373397e+00
3.508247e+06	2.379849e+00
3.540774e+06	2.386442e+00
3.573602e+06	2.393081e+00
3.606735e+06	2.400038e+00
3.640175e+06	2.407015e+00
3.673925e+06	2.414147e+00
3.707988e+06	2.421400e+00
3.742366e+06	2.428704e+00
3.777064e+06	2.436419e+00
3.812083e+06	2.444159e+00
3.847427e+06	2.452148e+00
3.883098e+06	2.460337e+00
3.919100e+06	2.468578e+00
3.955436e+06	2.477255e+00
3.992109e+06	2.485963e+00
4.029122e+06	2.494882e+00
4.066478e+06	2.503984e+00
4.104181e+06	2.513140e+00
4.142232e+06	2.522826e+00
4.180637e+06	2.532548e+00
4.219398e+06	2.542548e+00
4.258518e+06	2.552797e+00
4.298001e+06	2.563101e+00
4.337850e+06	2.573940e+00
4.378069e+06	2.584825e+00
4.418660e+06	2.596032e+00
4.459628e+06	2.607544e+00
4.500975e+06	2.619112e+00
4.542706e+06	2.631224e+00
4.584824e+06	2.643391e+00
4.627332e+06	2.655920e+00
4.670234e+06	2.668810e+00
4.713535e+06	2.681763e+00
4.757236e+06	2.695410e+00
4.801343e+06	2.709129e+00
4.845859e+06	2.723179e+00
4.890787e+06	2.737578e+00
4.936132e+06	2.752053e+00
4.981898e+06	2.767308e+00
5.028087e+06	2.782661e+00
5.074705e+06	2.798416e+00
5.121755e+06	2.814613e+00
5.169242e+06	2.830905e+00
5.217169e+06	2.847891e+00
5.265540e+06	2.865001e+00
5.314359e+06	2.882589e+00
5.363631e+06	2.900732e+00
5.413360e+06	2.918989e+00
5.463550e+06	2.938047e+00
5.514206e+06	2.957267e+00
5.565331e+06	2.976936e+00
5.616930e+06	2.997147e+00
5.669007e+06	3.017496e+00
5.721568e+06	3.038754e+00
5.774615e+06	3.060216e+00
5.828155e+06	3.082163e+00
5.882190e+06	3.104718e+00
5.936727e+06	3.127438e+00
5.991770e+06	3.151089e+00
6.047322e+06	3.174985e+00
6.103390e+06	3.199421e+00
6.159978e+06	3.224559e+00
6.217090e+06	3.249895e+00
6.274732e+06	3.276236e+00
6.332908e+06	3.302877e+00
6.391624e+06	3.330088e+00
6.450884e+06	3.358066e+00
6.510694e+06	3.386279e+00
6.571058e+06	3.415556e+00
6.631981e+06	3.445190e+00
6.693470e+06	3.475431e+00
6.755528e+06	3.506510e+00
6.818162e+06	3.537867e+00
6.881377e+06	3.570344e+00
6.945178e+06	3.603240e+00
7.009570e+06	3.636796e+00
7.074559e+06	3.671284e+00
7.140151e+06	3.706100e+00
7.206351e+06	3.742096e+00
7.273165e+06	3.778583e+00
7.340598e+06	3.815767e+00
7.408657e+06	3.853950e+00
7.477346e+06	3.892516e+00
7.546673e+06	3.932354e+00
7.616642e+06	3.972765e+00
7.687260e+06	4.013907e+00
7.758532e+06	4.056105e+00
7.830465e+06	4.098746e+00
7.903066e+06	4.142749e+00
7.976339e+06	4.187415e+00
8.050292e+06	4.232946e+00
8.124930e+06	4.279790e+00
8.200261e+06	4.327153e+00
8.276289e+06	4.375769e+00
8.353023e+06	4.425100e+00
8.430468e+06	4.475323e+00
8.508632e+06	4.526887e+00
8.587519e+06	4.579044e+00
8.667139e+06	4.632751e+00
8.747496e+06	4.687329e+00
8.828599e+06	4.742835e+00
8.910453e+06	4.799699e+00
8.993067e+06	4.857244e+00
9.076446e+06	4.916460e+00
9.160598e+06	4.976671e+00
9.245531e+06	5.037932e+00
9.331251e+06	5.100776e+00
9.417766e+06	5.164404e+00
9.505083e+06	5.229581e+00
9.593209e+06	5.295810e+00
9.682153e+06	5.363166e+00
9.771921e+06	5.432203e+00
9.862522e+06	5.502128e+00
9.953962e+06	5.573849e+00
1.004625e+07	5.646800e+00
1.013939e+07	5.720990e+00
1.023340e+07	5.797036e+00
1.032828e+07	5.874092e+00
1.042404e+07	5.953078e+00
1.052069e+07	6.033451e+00
1.061823e+07	6.115217e+00
1.071668e+07	6.199128e+00
1.081604e+07	6.284191e+00
1.091632e+07	6.371029e+00
1.101753e+07	6.459301e+00
1.111968e+07	6.549066e+00
1.122277e+07	6.641069e+00
1.132683e+07	6.734365e+00
1.143184e+07	6.829791e+00
1.153783e+07	6.926911e+00
1.164481e+07	7.025692e+00
1.175277e+07	7.127010e+00
1.186174e+07	7.229790e+00
1.197171e+07	7.334711e+00
1.208271e+07	7.441450e+00
1.219473e+07	7.549976e+00
1.230780e+07	7.661122e+00
1.242191e+07	7.773903e+00
1.253708e+07	7.889337e+00
1.265332e+07	8.006962e+00
1.277063e+07	8.126449e+00
1.288904e+07	8.248253e+00
1.300854e+07	8.371882e+00
1.312915e+07	8.498589e+00
1.325087e+07	8.627845e+00
1.337373e+07	8.759218e+00
1.349772e+07	8.893422e+00
1.362287e+07	9.029681e+00
1.374917e+07	9.168815e+00
1.387665e+07	9.310525e+00
1.400531e+07	9.454573e+00
1.413516e+07	9.601772e+00
1.426621e+07	9.751262e+00
1.439848e+07	9.903808e+00
1.453198e+07	1.005917e+01
1.466671e+07	1.021716e+01
1.480269e+07	1.037900e+01
1.493993e+07	1.054341e+01
1.507845e+07	1.071096e+01
1.521825e+07	1.088150e+01
1.535935e+07	1.105492e+01
1.550175e+07	1.123236e+01
1.564548e+07	1.141266e+01
1.579053e+07	1.159649e+01
1.593694e+07	1.178372e+01
1.608469e+07	1.197411e+01
1.623382e+07	1.216893e+01
1.638434e+07	1.236693e+01
1.653624e+07	1.256888e+01
1.668956e+07	1.277464e+01
1.684430e+07	1.298382e+01
1.700047e+07	1.319705e+01
1.715809e+07	1.341378e+01
1.731717e+07	1.363537e+01
1.747773e+07	1.386160e+01
1.763977e+07	1.409162e+01
1.780332e+07	1.432578e+01
1.796838e+07	1.456384e+01
1.813498e+07	1.480649e+01
1.830312e+07	1.505371e+01
1.847281e+07	1.530516e+01
1.864409e+07	1.556290e+01
1.881694e+07	1.582498e+01
1.899141e+07	1.609154e+01
1.916748e+07	1.636264e+01
1.934520e+07	1.663836e+01
1.952456e+07	1.692033e+01
1.970558e+07	1.720708e+01
1.988828e+07	1.749943e+01
2.007267e+07	1.779745e+01
2.025878e+07	1.810055e+01
2.044661e+07	1.840994e+01
2.063618e+07	1.872461e+01
2.082751e+07	1.904538e+01
2.102061e+07	1.937235e+01
2.121550e+07	1.970493e+01
2.141220e+07	2.004435e+01
2.161073e+07	2.038962e+01
2.181109e+07	2.074176e+01
2.201331e+07	2.110092e+01
2.221741e+07	2.146630e+01
2.242340e+07	2.183663e+01
2.263130e+07	2.221334e+01
2.284112e+07	2.259866e+01
2.305289e+07	2.299296e+01
2.326663e+07	2.339414e+01
2.348235e+07	2.380262e+01
2.370006e+07	2.421824e+01
2.391980e+07	2.464163e+01
2.414157e+07	2.507303e+01
2.436540e+07	2.551197e+01
2.459130e+07	2.595894e+01
2.481930e+07	2.641375e+01
2.504942e+07	2.687815e+01
2.528166e+07	2.735270e+01
2.551606e+07	2.783564e+01
2.575263e+07	2.832667e+01
2.599140e+07	2.882635e+01
2.623238e+07	2.933523e+01
2.647559e+07	2.985361e+01
2.672106e+07	3.038115e+01
2.696881e+07	3.091886e+01
2.721885e+07	3.146616e+01
2.747121e+07	3.202489e+01
2.772591e+07	3.259599e+01
2.798297e+07	3.317727e+01
2.824241e+07	3.376666e+01
2.850426e+07	3.436632e+01
2.876854e+07	3.497798e+01
2.903527e+07	3.560254e+01
2.930447e+07	3.623825e+01
2.957617e+07	3.688615e+01
2.985038e+07	3.754573e+01
3.012714e+07	3.821702e+01
3.040646e+07	3.890018e+01
3.068838e+07	3.959554e+01
3.097291e+07	4.030897e+01
3.126007e+07	4.103600e+01
3.154990e+07	4.177521e+01
3.184242e+07	4.252617e+01
3.213764e+07	4.329062e+01
3.243561e+07	4.406565e+01
3.273634e+07	4.485407e+01
3.303985e+07	4.566005e+01
3.334618e+07	4.648672e+01
3.365535e+07	4.732836e+01
3.396739e+07	4.818475e+01
3.428231e+07	4.905654e+01
3.460016e+07	4.994353e+01
3.492096e+07	5.084543e+01
3.524473e+07	5.176362e+01
3.557150e+07	5.270014e+01
3.590130e+07	5.365395e+01
3.623416e+07	5.462492e+01
3.657011e+07	5.561322e+01
3.690917e+07	5.661941e+01
3.725137e+07	5.764425e+01
3.759675e+07	5.868774e+01
3.794533e+07	5.975176e+01
3.829714e+07	6.083868e+01
3.865221e+07	6.194537e+01
3.901058e+07	6.307310e+01
3.937226e+07	6.422156e+01
3.973730e+07	6.539014e+01
4.010573e+07	6.657812e+01
4.047757e+07	6.778768e+01
4.085286e+07	6.902698e+01
4.123163e+07	7.029100e+01
4.161391e+07	7.157690e+01
4.199973e+07	7.288314e+01
4.238913e+07	7.421321e+01
4.278214e+07	7.557131e+01
4.317880e+07	7.695535e+01
4.357913e+07	7.836006e+01
4.398317e+07	7.977768e+01
4.439097e+07	8.122094e+01
4.480254e+07	8.271652e+01
4.521792e+07	8.424790e+01
4.563716e+07	8.580409e+01
4.606029e+07	8.737857e+01
4.648734e+07	8.898194e+01
4.691835e+07	9.061262e+01
4.735335e+07	9.227245e+01
4.779239e+07	9.396248e+01
4.823549e+07	9.568282e+01
4.868271e+07	9.743465e+01
4.913407e+07	9.920708e+01
4.958962e+07	1.010075e+02
5.004939e+07	1.028498e+02
5.051342e+07	1.047577e+02
5.098176e+07	1.067010e+02
5.145444e+07	1.086665e+02
5.193150e+07	1.106626e+02
5.241298e+07	1.126962e+02
5.289893e+07	1.147702e+02
5.338938e+07	1.168823e+02
5.388438e+07	1.190361e+02
5.438397e+07	1.212308e+02
5.488820e+07	1.234600e+02
5.539709e+07	1.257051e+02
5.591071e+07	1.279912e+02
5.642908e+07	1.303437e+02
5.695227e+07	1.327511e+02
5.748030e+07	1.352032e+02
5.801323e+07	1.377016e+02
5.855110e+07	1.402461e+02
5.909396e+07	1.428376e+02
5.964185e+07	1.454769e+02
6.019482e+07	1.481620e+02
6.075292e+07	1.508812e+02
6.131619e+07	1.536504e+02
6.188468e+07	1.564878e+02
6.245845e+07	1.593869e+02
6.303753e+07	1.623385e+02
6.362198e+07	1.653384e+02
6.421186e+07	1.683937e+02
6.480720e+07	1.714779e+02
6.540806e+07	1.746030e+02
6.601449e+07	1.777978e+02
6.662655e+07	1.811340e+02
6.724427e+07	1.845327e+02
6.786773e+07	1.879291e+02
6.849697e+07	1.913481e+02
6.913204e+07	1.948446e+02
6.977300e+07	1.985190e+02
