"fa, dNeff_GG, dNeff_full"
1000000,0.281412559709318,0.3699651567784
1023411.40210545,0.26984328602056,0.358596865367817
1047370.89795945,0.25855338287338,0.347366913593759
1071891.31920513,0.247553599832977,0.336334435274348
1096985.79789238,0.236852836490313,0.325497112298679
1122667.77351081,0.226458223321618,0.314818644841367
1148951.00018731,0.21637521197773,0.304337959215116
1175849.55405216,0.206607672910401,0.294066367266814
1203377.84077759,0.197157998003209,0.284010190477245
1231550.60329283,0.188027206421244,0.27417061930802
1260382.92967973,0.179215052226392,0.264556058936446
1289890.26125331,0.170720131926291,0.255169283827242
1320088.40083142,0.162539990960725,0.24601682534059
1350993.52119803,0.154671228069364,0.237116652897113
1382622.17376466,0.147109596346901,0.228421556668368
1414991.29743458,0.139850101116562,0.219962507712572
1448118.22767453,0.132887092396473,0.211770846226528
1482020.70579886,0.126214353629786,0.203792076835257
1516716.88847092,0.119825184717493,0.196069183288373
1552225.35742705,0.113712480023002,0.188567931178189
1588565.12942805,0.107868805367404,0.181309412171417
1625755.66644379,0.102286456599115,0.17424706655299
1663816.88607613,0.0969575218120998,0.16744326805665
1702769.1722259,0.0918739446206032,0.160836514112285
1742633.38600965,0.0870273303783645,0.154498814576113
1783430.87693191,0.0824096654589787,0.148314127399673
1825183.49431904,0.0780128231961733,0.142360388458635
1867913.59902078,0.0738286172604066,0.136632542499824
1911644.0753857,0.0698489254951409,0.131097572129671
1956398.34351706,0.0660657197509165,0.12575643792971
2002200.37181558,0.0624710974626693,0.120618097914123
2049074.68981585,0.0590573229919015,0.115651935676129
2097046.40132323,0.0558169653177568,0.110876125954483
2146141.19785841,0.0527476094174023,0.106291657345431
2196385.37241655,0.0498253189815954,0.101848950644807
2247805.83354873,0.0470594127237801,0.0976089924476004
2300430.11977292,0.0444383433737654,0.0935101004964746
2354286.41432242,0.0419551898698245,0.0895776034833774
2409403.56023953,0.0396034728498461,0.0857893731282125
2465811.0758226,0.0373771486122896,0.0821544731352579
2523539.17043477,0.0352704182719537,0.0786634303537645
2582618.76068267,0.0332763567338521,0.0753044036251176
2643081.4869741,0.0313904777628702,0.0721068031286624
2704959.73046314,0.0296070493969846,0.0690095239864692
2768286.63039207,0.0279209510260451,0.0660615562606117
2833096.10183932,0.0263272804772249,0.063214068969765
2899422.85388288,0.0248213303656392,0.0604902911185356
2967302.40818887,0.0233986010930448,0.0578876898388138
3036771.11803546,0.0220547895787876,0.0553622060589494
3107866.18778201,0.0207857845142005,0.0529579259083508
3180625.69279412,0.0195876613446858,0.0506494001518291
3255088.59983506,0.0184566767735193,0.0484481707698694
3331294.78793467,0.0173892627748587,0.0463398815778569
3409285.06974681,0.0163820218572342,0.0443209765162169
3489101.21340677,0.0154317193280087,0.0423639615130078
3570785.96490046,0.0145352785751615,0.040514920924212
3654383.07095725,0.0136897775926343,0.0387321599689799
3739937.3024788,0.0128924388731607,0.037041714715312
3827494.47851632,0.012140618169605,0.0353902861658558
3917101.49080926,0.0114318103683266,0.0338360815852723
4008806.32889846,0.0107636385387197,0.0323648076570326
4102658.10582719,0.010133828736765,0.0309205045201698
4198707.08444391,0.00954025602847797,0.0295531743777774
4297004.70432084,0.00898090803440369,0.0282417414015895
4397603.60930272,0.00845386902859244,0.0269816195596966
4500557.6757005,0.00795732136163969,0.0258009543440678
4605922.0411451,0.00748954395407657,0.0246598029009345
4713753.13411673,0.00704890948976138,0.0235693608193925
4824108.70416537,0.00663387859302459,0.0225009575681128
4937047.852839,0.00624299550124421,0.021508623268341
5052631.06533568,0.00587488390489537,0.0205639798504458
5170920.24289676,0.00552824295376701,0.0196423320514356
5291978.73595844,0.00520184342734073,0.0187527132421986
5415871.37807948,0.00489452406674771,0.0179289514281996
5542664.52066311,0.00460518806523465,0.0171199473552662
5672426.06849198,0.00433279971364658,0.0163597921119925
5805225.5160949,0.00407638119607629,0.0156197835931642
5941133.98496504,0.00383500953711399,0.0149297449743013
6080224.26164943,0.003607813681962,0.014263913663847
6222570.83673023,0.0033939937759652,0.0136070600503206
6368249.94471859,0.00319275801280039,0.0130115462018711
6517339.60488242,0.00300337394419066,0.0124318114845972
6669919.66303011,0.00282515176813991,0.0118698080978635
6826071.83427239,0.00265742391001883,0.0113377480189321
6985879.74678525,0.00249959048643474,0.0108242770629014
7149428.98659758,0.00235108003117421,0.0103275273281353
7316807.14342719,0.00221134712965712,0.00986100573927022
7488103.85759003,0.00207987774059592,0.00942182612475918
7663410.86800746,0.00195618744570248,0.00901116013410283
7842822.06133768,0.00183981979135446,0.0085952272257554
8026433.52225717,0.00173034471807271,0.00822146724422881
8214343.58491942,0.00162735707368194,0.00784712389669506
8406652.88561832,0.00153047520616554,0.00749805903941212
8603464.41668451,0.00143933963236381,0.0071692589349677
8804883.58164346,0.00135361177881137,0.00683828121122828
9011018.25166502,0.00127297279114229,0.00653199497239041
9221978.82333432,0.00119712240864115,0.00623783294467822
9437878.27777539,0.00112577790065242,0.00595865350143684
9658832.24115871,0.00105867306151575,0.00569270685720546
9884959.04662559,0.000995557262126183,0.00542116583582786
10116379.7976621,0.000936194552448262,0.00519061478123152
10353218.4329566,0.000880362815971458,0.00495489721843799
10595601.7927761,0.000827852970668826,0.00473889284874528
10843659.6868961,0.000778468215087845,0.00451956938583557
11097524.9641207,0.000732023317001032,0.00431161185269836
11357333.5834311,0.000688343942345778,0.00410435428396694
11623224.6867985,0.000647266022365924,0.00392534172521752
11895340.6737032,0.0006086351564307,0.00375958996115154
12173827.2773966,0.000572306049780035,0.00358842248422751
12458833.6429501,0.000538141982510538,0.00341163301190862
12750512.4071301,0.000506007496226924,0.00327282847116319
13049019.780144,0.000475785500495816,0.00312543025784904
13354515.629299,0.00044736625938028,0.00298646207660505
13667163.5646201,0.00042064249409154,0.00284457399360995
13987131.0264724,0.000395513282319467,0.00271443733570452
14314589.3752348,0.000371883690530091,0.00259675468116578
14649713.9830728,0.000349664411640199,0.00248051370741642
14992684.3278605,0.000328771439970767,0.00236366207389917
15343684.0893001,0.00030912575674725,0.00224451125075831
15702901.2472938,0.000290653035984227,0.00214911460214126
16070528.1826164,0.000273283367356039,0.00205081485502836
16446761.7799466,0.000256950995320399,0.00196068251683445
16831803.5333095,0.000241594073517347,0.00188273052075477
17225859.6539879,0.000227154434293115,0.0017923327223066
17629141.1809595,0.000213577368076486,0.00170978126959771
18041864.0939207,0.000200811423018097,0.00162399877920283
18464249.4289554,0.000188808209131012,0.00154956934868228
18896523.3969121,0.000177522217509245,0.00149030228036463
19338917.5045523,0.000166910649514394,0.00142102598099321
19791668.6785356,0.000156933256000537,0.00135936023020736
20255019.3923067,0.000147552186011775,0.00129707488910371
20729217.7959537,0.000138731844402916,0.00123927086734
21214517.8491063,0.000130438757841536,0.0011816779354047
21711179.4569451,0.000122641448849369,0.0011310639226372
22219468.6093952,0.000115310317082592,0.00108010074580945
22739657.5235793,0.000108417527862514,0.00101869691005555
23272024.7896041,0.000101936907245051,0.000980024345490659
23816855.5197616,9.58438433770478e-05,0.000935782201388988
24374441.5012222,9.01151937803078e-05,0.000898713764401769
24945081.3523032,8.47291982551363e-05,0.000858684068755543
25529080.6823952,7.96653971340376e-05,0.000816536408152
26126752.2556333,7.49045546642487e-05,0.000778414281137836
26738416.1583994,7.04249892927481e-05,0.000743774895277482
27364399.9707467,6.62131722566945e-05,0.000710066226899918
28005038.9418363,6.2253658278844e-05,0.000679601717898923
28660676.1694825,5.85313840234195e-05,0.000648795583875984
29331662.7839004,5.50317178696908e-05,0.000619278191392181
30018358.1357559,5.17403095651924e-05,0.000590654407271373
30721129.9886176,4.86457830033149e-05,0.000565565104600887
31440354.715915,4.57363617724481e-05,0.000540393212933337
32176417.5025074,4.30009736094512e-05,0.000516793133372198
32929712.5509715,4.04292083570176e-05,0.000492326178185427
33700643.2927192,3.80112783877489e-05,0.000473067023629372
34489622.6040576,3.57379814094085e-05,0.000448528785104419
35297073.0273065,3.3600665484941e-05,0.000423514826605082
36123426.9970943,3.15911961397476e-05,0.000411079164644039
36969127.0719502,2.97019254320398e-05,0.000392783904120737
37834626.1713193,2.79256628694324e-05,0.00036958393891497
38720387.8181256,2.62556480618608e-05,0.000352670788017022
39626886.3870148,2.46855250074144e-05,0.000340811890977102
40554607.3584083,2.32093179138124e-05,0.0003175379629879
41504047.5785047,2.18214084640136e-05,0.000306000768537619
42475715.5253689,2.05165144388602e-05,0.000293282591107996
43470131.5812503,1.92896696220905e-05,0.00027970247092727
44487828.3112759,1.81362048953698e-05,0.000267273903482881
45529350.7486695,1.70517304739068e-05,0.00025532087331651
46595256.6866468,1.60321191981553e-05,0.000243834843418065
47686116.9771447,1.50734908252821e-05,0.000223805210262617
48802515.8365443,1.41721972595944e-05,0.000210704967912888
49945051.1585514,1.33246655027819e-05,0.000211179124937957
51114334.8344017,1.25277490960951e-05,0.000196545388871359
52310993.0805626,1.17785025760225e-05,0.000184606638768803
53535666.7741072,1.10740744763458e-05,0.000176643577635667
54789011.7959394,1.04117838604256e-05,0.000168923155603063
56071699.3820546,9.78911012759438e-06,0.000163800135836418
57384416.4830239,9.20368342836402e-06,0.000156686706731935
58727866.1318949,8.65327565214107e-06,0.000150602977788209
60102767.8207039,8.13579195330186e-06,0.000143388350827338
61509857.885805,7.64926278351085e-06,0.000137295747759969
62949889.9022189,7.1918364000783e-06,0.000128645683992494
64423635.0872137,6.76177182195037e-06,0.000122305899719901
65931882.7133354,6.35743220661651e-06,0.000119798843045121
67475440.5311069,5.97727862281056e-06,0.000106215259615174
69055135.2016233,5.6198641953781e-06,0.000105237018312217
70671812.7392749,5.28382860009084e-06,9.78780931167655e-05
72326338.9648353,4.96789289688012e-06,9.60437393470792e-05
74019599.9691565,4.67085462507528e-06,9.47529597899604e-05
75752502.5877192,4.39158328551553e-06,8.906424395822e-05
77525974.8862946,4.12901599907029e-06,8.55319990939374e-05
79340966.6579749,3.88215347155115e-06,8.14246535055766e-05
81198449.9318401,3.65005619050303e-06,7.76709170767055e-05
83099419.4935339,3.43184084938952e-06,7.40304223228888e-05
85044893.4180267,3.22667698558601e-06,7.05063530094404e-05
87035913.6148517,3.03378381940485e-06,6.69895351995785e-05
89073546.3861044,2.85242728213964e-06,6.17706153223235e-05
91158882.9975082,2.6819172218321e-06,6.2030896707767e-05
93293040.262847,2.5216047761404e-06,5.94856160635322e-05
95477161.1420807,2.37087990232107e-06,5.74849056921521e-05
97712415.353465,2.22916905493322e-06,5.53356139997434e-05
100000000,2.09593300243519e-06,5.30487692580368e-05
